0 0.78125 0.3703703703703704 0.16666666666666685 0.12962962962962962
0 0.7708333453454531 0.48611057510427386 0.16666666666666685 0.12037037037037036
8 0.09114583333333331 0.5694444444444444 0.18229166666666663 0.4537037037037037
0 0.34114583333333337 0.6296296296296297 0.390625 0.5185185185185185
0 0.5937499999999999 0.5277777777777777 0.30208333333333326 0.35185185185185186
0 0.4296875 0.2916666666666667 0.09895833333333343 0.1574074074074074
0 0.2421875 0.3425925925925926 0.13020833333333331 0.1666666666666667
0 0.32552083333333326 0.20370370370370366 0.17187499999999992 0.24074074074074073
0 0.08854166666666669 0.2037037037037037 0.16666666666666669 0.2222222222222222
0 0.5859374999999999 0.21296296296296294 0.25520833333333326 0.2407407407407407
2 0.43229171471514605 0.5138892717509155 0.8229166666666665 0.7870370370370371
