0 0.5578366722177286 0.8396244043492235 0.1150366950890897 0.2119440243988332
0 0.35515297134647533 0.90921500095467 0.1771199908514556 0.18156999809065993
0 0.4619727596434872 0.7418040853959158 0.11321071580196118 0.17933725141439708
0 0.08034302546406963 0.808647971692457 0.11686267437621811 0.11738438274396913
0 0.48205853180189967 0.6276803799503903 0.054779378613852285 0.12064506004241274
0 0.6208329576236586 0.732022053500585 0.1351224672475022 0.19237996060817153
0 0.1625121565544283 0.6195286867042813 0.1314705086732454 0.11086302814708184
0 0.40901936031676334 0.6130073321073941 0.1278185500989885 0.18259792871284092
0 0.14699133261383682 0.9450824512375494 0.21363957659402366 0.10983509752490107
0 0.2510721519801561 0.7907142448725696 0.1807719494257124 0.22498673359260749
2 0.35880492992073215 0.7527024906293779 0.6883941912474097 0.49459501874124423
