8 0.49745703361297183 0.5396815217036013 0.2385763324470375 0.25553824702573347
0 0.1332474197177603 0.5015414848340888 0.2664948394355206 0.3470743355125632
0 0.057106037021897274 0.17544416959975728 0.09390770532489774 0.26698025808658715
8 0.2880682487600412 0.17163016591280594 0.09390774044628335 0.19070018434756222
0 0.1320004132622166 0.08200107926945177 0.16746700875212409 0.16400215853890354
8 0.376899844344522 0.23265422490402596 0.11421207404379455 0.10679210323463487
8 0.6053239924321112 0.18307217697365974 0.1700490880207608 0.14493214010414732
8 0.44161998451462003 0.33944657312390264 0.1370544888525535 0.16781616222585477
0 0.18781541064979548 0.28986428020829463 0.2131958715484165 0.24409623596487973
2 0.529204573643557 0.047675153267933874 0.33244000459316053 0.09535030653586775
2 0.3502504335705232 0.398563385286405 0.7005008671410464 0.7971267705728099
