1 0.5561699650756694 0.7305005820721768 0.08381839348079169 0.32013969732246794
1 0.4046856810244471 0.7991850989522701 0.10913853317811409 0.1827706635622816
1 0.6299476135040745 0.9039580908032596 0.04452852153667052 0.16414435389988355
1 0.7006693830034925 0.820139697322468 0.06897555296856808 0.16414435389988355
1 0.7932188591385332 0.850989522700815 0.06199068684516874 0.15599534342258436
1 0.3636495925494762 0.6193247962747379 0.10739231664726426 0.19557625145518037
1 0.4688591385331782 0.6327124563445867 0.08556461001164145 0.1967403958090803
1 0.6692374854481956 0.6449359720605355 0.08469150174621654 0.2072176949941793
1 0.7674621653084983 0.6821885913853317 0.08032596041909201 0.1676367869615833
1 0.9089057043073342 0.6193247962747381 0.08207217694994184 0.14668218859138535
1 0.9155995343422585 0.7532013969732247 0.16880093131548307 0.20721769499417916
2 0.626455180442375 0.7270081490104774 0.7412689173457511 0.4854481955762515
7 0.7997671711292201 0.35681024447031434 0.054132712456344476 0.07799767171129218
6 0.8084982537834694 0.4307334109429569 0.06461001164144349 0.06286379511059366
2 0.7369033760186263 0.4278230500582072 0.29685681024447036 0.12456344586728754
