3 0.22290454016298017 0.340512223515716 0.08606053550640276 0.19441210710128057
1 0.14110826542491267 0.4062863795110594 0.04496856810244472 0.15133876600698484
1 0.5427240977881257 0.1932479627473807 0.052721769499418016 0.13969732246798602
1 0.33455064027939463 0.29976717112922 0.06745285215366707 0.1175785797438882
1 0.48031082654249124 0.4953434225844005 0.08606053550640283 0.0663562281722934
1 0.3845587892898719 0.49708963911525034 0.09613969732246794 0.11874272409778804
1 0.494266589057043 0.4220023282887078 0.04574388824214203 0.0733410942956926
1 0.4504610011641443 0.4359720605355064 0.058924330616996486 0.06868451688009315
1 0.5683096409404361 0.3853318278762296 0.06822821163248335 0.10477299185098955
1 0.7109685681024446 0.42258440046565776 0.0527217694994178 0.10710128055878926
8 0.8218393480791619 0.6350407450523865 0.0759813736903375 0.1268917345750873
1 0.20468451688009315 0.4516880093131548 0.07598137369033758 0.09080325960419089
1 0.4803108265424912 0.34516880093131547 0.07210477299185093 0.07101280558789287
8 0.3465681024447031 0.4511059371362049 0.11009545983701977 0.1408614668218859
8 0.4085937136204889 0.34866123399301513 0.06822817229336436 0.09429569266589055
3 0.2209662398137369 0.7142025611175785 0.10234225844004655 0.0570430733410943
3 0.17716065192083819 0.5756693830034925 0.06280093131548313 0.11292200232828875
3 0.09536437718277066 0.5180442374854483 0.048069848661234 0.058207217694994214
3 0.27368800931315485 0.5832363213038417 0.07443073341094295 0.1233993015133877
3 0.27368803702935235 0.4610011641443532 0.05737374576999711 0.09080325960419086
3 0.5535785189470676 0.562281891180969 0.13025378346915012 0.09778812572759023
3 0.5869173457508731 0.9155995343422586 0.12715250291036084 0.1315483119906868
3 0.6446786961583242 0.505820558195711 0.08606053550640286 0.10128088593686684
3 0.6504935989941949 0.42258528376411525 0.07753201396973229 0.04889418437575227
3 0.6411897555296856 0.3242142025611176 0.08063329452852151 0.07334109429569267
6 0.7373294528521535 0.731082654249127 0.05737369033760189 0.09778812572759009
6 0.3733166472642608 0.8562281722933645 0.09691501746216531 0.09895227008149007
8 0.2636088474970896 0.8038416763678697 0.055823050058207216 0.11059371362048878
8 0.35315832363213034 0.5774155995343422 0.04884516880093138 0.08847497089639113
3 0.5624947613504074 0.29918509895227013 0.06280093131548313 0.048894062863795114
3 0.7032153667054715 0.26833527357392317 0.06822817229336423 0.05937136204889406
2 0.4958172293364377 0.5663562281722934 0.9032479627473806 0.8300349243306171
