8 0.1097560975609756 0.33414634146341465 0.19756097560975608 0.2073170731707317
8 0.29542682926829267 0.8073170731707318 0.16646341463414632 0.21463414634146347
0 0.448170731707317 0.2768292682926829 0.15182926829268298 0.20243902439024392
0 0.5620426987476701 0.34207317073170734 0.1088414950563157 0.20365853658536584
0 0.7573170731707316 0.4036585365853659 0.12073170731707307 0.13658536585365852
0 0.9609756097560975 0.6292682926829268 0.07804878048780509 0.21463414634146338
0 0.746341463414634 0.6195121951219512 0.11524390243902445 0.1682926829268292
0 0.533231707317073 0.16097560975609757 0.10975609756097562 0.09024390243902439
0 0.6338414634146341 0.2652439024390244 0.08414634146341463 0.14268292682926834
0 0.7285060975609755 0.28475609756097564 0.07591463414634149 0.0963414634146342
0 0.9388719512195121 0.21707317073170732 0.11432926829268282 0.0853658536585366
0 0.738109756097561 0.18719512195121954 0.12621951219512184 0.1402439024390244
8 0.30868902439024387 0.3109756097560976 0.1307926829268293 0.06341463414634148
8 0.2894817073170731 0.39390243902439026 0.1490853658536585 0.0853658536585366
8 0.09009146341463413 0.20609756097560974 0.1271341463414634 0.13658536585365855
8 0.3576219512195122 0.6640243902439025 0.17926829268292682 0.14268292682926828
2 0.48887195121951216 0.49878048780487805 0.9649390243902438 0.948780487804878
