0 0.053938688397361274 0.5797438882421421 0.10166860690725649 0.14435389988358543
0 0.14978657353511837 0.630384167636787 0.08537058595265816 0.10826542491268903
0 0.4357780364765232 0.5430733410942957 0.06907256499805975 0.1315483119906869
0 0.4916569654637175 0.44935972060535506 0.07372914241365933 0.09778812572759023
0 0.5455956538610788 0.42840512223515714 0.0776096235933256 0.1280558789289872
0 0.7741559953434225 0.6239813736903376 0.05975941016686065 0.1466821885913854
0 0.7683352735739232 0.5291036088474971 0.07916181606519217 0.09429569266589062
0 0.7714396585176562 0.4342258440046566 0.11951882033372144 0.09778812572759023
0 0.6507566938300349 0.5046565774155995 0.10322079937912307 0.12689173457508723
0 0.9029879705083431 0.7986030267753201 0.1125339542103221 0.11175785797438877
0 0.5180442374854483 0.6373690337601863 0.07838571982925885 0.140861466821886
0 0.0640279394644936 0.7770097619302058 0.1280558789289872 0.2247930488986104
2 0.5003152042252804 0.6068416472301849 0.9766918819326049 0.7468820273602275
