0 0.8571943364805247 0.7152309820146509 0.22995120314616999 0.289646335573635
0 0.5338966053245234 0.7392200956971299 0.21173724646132486 0.2772075358864236
0 0.37509367047852976 0.7258928103179748 0.1104221124018737 0.27898450727031104
0 0.2094605018757192 0.7330006958535242 0.23222794773177569 0.4389119318201709
0 0.07228664059297919 0.608612698981411 0.114975601573085 0.332293648786931
0 0.2515802767094236 0.40959190398602985 0.25044190441662084 0.31807787771583235
0 0.472424501513171 0.4868901591851288 0.15254188723557804 0.284315421421973
0 0.7695396699347075 0.44868527443155115 0.12522095220831034 0.21856748021814185
0 0.6539948822152211 0.6246054414363971 0.15823374869959217 0.2967542211091843
0 0.5868309169398546 0.3678330764646776 0.16051049328519781 0.21679050883425446
