8 0.18159005295457273 0.7887817925214253 0.26481882722541855 0.2383369445028768
8 0.4501920062832116 0.8341793057600684 0.24968632281253755 0.20428880957389425
0 0.7452758423343923 0.697986766044139 0.257252575018978 0.2723850794318591
0 0.7812155403149847 0.3234572818253326 0.13997566581914994 0.2042888095738943
0 0.3310235340317732 0.2752224240092743 0.16267442243847136 0.17591536379974232
0 0.5182882761411763 0.3206199372479175 0.19672255736745384 0.34615603844465426
0 0.22320444008999565 0.4823485781605838 0.15132504412881062 0.15889129633525123
8 0.4634329476444825 0.5646315709056247 0.23833694450287665 0.11916847225143833
8 0.3234572818253326 0.6242158070313438 0.32913197098016306 0.12484316140626874
8 0.06620470680635464 0.3660174504865607 0.12484316140626874 0.27805976858668946
8 0.17591536379974232 0.24968632281253755 0.1399756658191498 0.23833694450287674
0 0.8757936928954914 0.5362581251314725 0.1702406746449121 0.17591536379974237
0 0.6885289507860883 0.4908606118928294 0.128626287509489 0.24401163365770706
2 0.48613170426380414 0.5022099902024902 0.9571309041147272 0.811480549140747
