8 0.7263844165836818 0.9632954180517607 0.3274076985280921 0.07340916389647859
0 0.4614967810911047 0.739160780937282 0.6794943693070453 0.4593356281538825
0 0.10200641863689303 0.25870627332804874 0.14478330387171914 0.22174823428118465
0 0.22211075025775093 0.1597115258810913 0.15136436313861545 0.13991257639169982
0 0.7091091360080789 0.3392220012515741 0.18426965947309695 0.1874300551662394
8 0.8891051291552452 0.714082111584053 0.2217897416895097 0.49893352713266537
0 0.5223715793098958 0.4421765385964098 0.1332664501546506 0.1240734168001866
8 0.41049357177265816 0.4197377291750995 0.07403691675258373 0.16367131577896962
0 0.324939801303006 0.4184177992091401 0.1365569797880987 0.1663111757108885
0 0.18838282151490726 0.4646153480177202 0.12339486125430608 0.14783215618745651
0 0.36771668653783207 0.18215033530240163 0.06745585748568729 0.10559439727675457
0 0.3537319355956774 0.24550697366845442 0.10858747790378935 0.08447551782140365
0 0.22046548544102684 0.3207429817281421 0.07239165193585957 0.14519229625553756
0 0.5988763932875655 0.2745454329195619 0.09542535936999684 0.13199299659594327
0 0.466432575541277 0.22306816424714404 0.10694221308706531 0.18215033530240163
2 0.5124999904095513 0.5385314261114484 0.9427367399828985 0.8922726569885764
