6 0.47274199587738536 0.8323632644473214 0.17190632880014178 0.13271250307995455
6 0.3540894267193982 0.7939464493597206 0.1401409340578093 0.0954598370197904
1 0.4204228021734279 0.7502911202121377 0.1382723882703719 0.0360883067235709
1 0.32792978569527376 0.6839348079161816 0.15135220878243405 0.0384167636786961
1 0.33073260437643 0.621071012805588 0.07847892307237324 0.07799767171129218
6 0.2447794981543069 0.6332945285215367 0.1046385640964976 0.06053550640279383
1 0.11304702013996618 0.7642607683352736 0.13266675090805946 0.0756693830034925
1 0.07007046702890467 0.8213038416763679 0.11771838460855984 0.10360884749708958
1 0.033633824173874234 0.8899317642584945 0.06726764834774847 0.05482797322922721
6 0.25879369283281206 0.8993016769614485 0.1401411366032575 0.07566971015106948
6 0.04297655311106153 0.5465657367677008 0.08595310622212304 0.054714784633294614
1 0.17377475823168353 0.5692665890570431 0.130798205120622 0.0512223515715948
1 0.29709878020255576 0.569848661233993 0.10463856409649765 0.04540162980209537
5 0.3998687985116159 0.5471478463329453 0.1195869303959973 0.03492433061699657
6 0.4521881021072528 0.5826543519447016 0.10837565567137254 0.05704307334109423
1 0.6381083864098916 0.6431897555296857 0.1663005750819336 0.0663562281722934
1 0.7829206849362947 0.6111757857974389 0.0672676483477484 0.07217694994179283
6 0.7306014028880458 0.8160651920838184 0.1420094798452469 0.08381839348079154
6 0.8716766098395738 0.750873108265425 0.14014093405780925 0.06053550640279411
6 0.761432408380764 0.6711292200232829 0.08782165200956044 0.050058207217694814
6 0.7446154962938267 0.7182770663562281 0.17751184980655835 0.05355064027939477
6 0.923061618994104 0.679860302677532 0.07100473992262338 0.0558789289871946
1 0.8604653006391283 0.6525029664433265 0.09529583515931037 0.061699650756693813
1 0.923061618994104 0.6065192083818394 0.05605637362312379 0.07450523864959259
1 0.9688409907863216 0.6571594877764844 0.05792491941056113 0.08963911525029097
6 0.864202426689824 0.5913853317811408 0.08034746885981078 0.05355064027939456
3 0.9288312582168965 0.49417927823050056 0.1423374835662071 0.1315483119906868
1 0.7604981354870453 0.9161816065192084 0.15322075456987136 0.041909196740395914
3 0.5091787270767071 0.7310826542491269 0.11024420145881003 0.0512223515715948
3 0.5147843644390195 0.659487776484284 0.1775118498065585 0.08731082654249121
3 0.7754465017865448 0.7974388824214202 0.2653335018161189 0.10710128055878912
0 0.10837565567137254 0.46565774155995343 0.15322075456987153 0.09080325960419096
6 0.1961972085629477 0.5011641256597527 0.09716438094674781 0.052386495925494714
6 0.24010813368571327 0.5267753201396974 0.10277001830906016 0.029103608847497072
8 0.3559579725068356 0.3119906868451688 0.14014093405780925 0.08614668218859137
1 0.2466480439417444 0.3853317811408615 0.0747418314974983 0.058207217694994144
1 0.3279297555289304 0.4365543009597816 0.0579249194105612 0.041909196740395845
5 0.3905260695744286 0.41327124563445866 0.07474183149749827 0.05122235157159487
5 0.3737091574874915 0.3894062863795111 0.1158498388211224 0.05937136204889406
1 0.7137844908011087 0.30267753201396974 0.07474183149749834 0.06286379511059373
1 0.7960005054483568 0.2939464493597206 0.08221601464724813 0.05471478463329458
1 0.5446810970380188 0.25029103608847497 0.08408456043468561 0.10477299185098954
1 0.6399769321973292 0.3044237485448196 0.06913619413518589 0.05471478463329451
3 0.12519256775830964 0.6653084982537834 0.10463856409649763 0.05937136204889398
1 0.6754793021586408 0.21594877764842843 0.16630057508193374 0.043073341094295683
1 0.6773478479460784 0.26018626309662396 0.17003766665680856 0.038416763678696134
3 0.8137516904290126 0.21420256111757857 0.10277001830906031 0.06752037252619324
0 0.626897111685267 0.11001164144353899 0.3494180622508046 0.1478463329452852
3 0.29336168862768075 0.438882421420256 0.25785931866636913 0.15832363213038414
2 0.5054416355018322 0.48894062863795107 0.9809865384046651 0.8917345750873108
