6 0.5091325954545316 0.9330616996507567 0.22043826036967645 0.13387660069848664
8 0.8125862237044346 0.8981373690337603 0.26234745711007235 0.20372526193247964
0 0.7933643771827706 0.5034924330616997 0.4132712456344587 0.22467986030267753
0 0.5688785409390764 0.7206053550640279 0.3958090803259604 0.20023282887078003
3 0.3911525029103609 0.8131548311990687 0.31975164920450133 0.15715948777648422
0 0.3352735739231665 0.5721769499417927 0.20178502134264645 0.15948777648428397
3 0.5487000388048118 0.5436554132712456 0.194024058983314 0.15366705471478453
0 0.40124162689234155 0.1298020113361743 0.6006981680044948 0.19906887145835242
4 0.14280170741171905 0.6356228172293364 0.23282887077997672 0.16065192083818403
6 0.9509119130772216 0.7986030267753201 0.0981761738455569 0.069848661233993
8 0.30422972448583624 0.889988358556461 0.13348855258051995 0.08963911525029104
