0 0.07628923983550413 0.897710420074927 0.14289095715221412 0.1937504503758835
0 0.6696499941116475 0.6501404001501869 0.1574222409304054 0.18944488481197488
0 0.8561348025984356 0.7061127524809977 0.13320343463341985 0.12055583578943868
0 0.858556683228134 0.8546547644358418 0.23007865982136166 0.2626394993984199
0 0.63211084435132 0.8847937233832015 0.15984412156010394 0.15930592586461528
6 0.4843761259397089 0.7728490187215797 0.2373443017104573 0.35736194180440733
0 0.14652377809676193 0.7384044942103116 0.15742224093040538 0.1334725324811643
0 0.23007865982136175 0.8460436333080247 0.17437540533829524 0.2540283682706028
0 0.5630872464049116 0.4843761259397088 0.7483611145768502 0.18513931924806656
2 0.5061730516069958 0.6609043140599582 0.9542209681012266 0.658751531278004
