8 0.30640243902439024 0.7963414634146341 0.19573170731707315 0.18536585365853667
8 0.3457317073170731 0.6573170731707316 0.1628048780487804 0.12682926829268282
8 0.2977134146341463 0.3914634146341463 0.1527439024390244 0.0853658536585366
8 0.3105182926829268 0.3079268292682926 0.1490853658536585 0.08658536585365847
8 0.6777439024390243 0.8189024390243902 0.13170731707317082 0.09146341463414644
8 0.0882621951219512 0.20487804878048782 0.16006097560975607 0.10243902439024391
8 0.08689024390243903 0.3335365853658536 0.17195121951219514 0.1865853658536585
3 0.19481707317073166 0.35731707317073175 0.03658536585365855 0.09024390243902446
0 0.9669207317073171 0.6182926829268293 0.06615853658536594 0.18536585365853653
0 0.7847560975609755 0.398780487804878 0.12621951219512198 0.14878048780487801
0 0.6297256097560975 0.24634146341463414 0.1033536585365853 0.13170731707317074
0 0.5798780487804877 0.3567073170731707 0.13170731707317074 0.23536585365853657
0 0.4449695121951218 0.29085365853658535 0.11981707317073166 0.19634146341463418
0 0.5272865853658536 0.19390243902439025 0.10518292682926834 0.19999999999999996
0 0.7198170731707316 0.2804878048780488 0.06585365853658544 0.10487804878048784
0 0.9434451219512193 0.22012195121951222 0.08506097560975605 0.11097560975609756
0 0.7435975609756096 0.18109756097560975 0.11890243902439025 0.12560975609756098
2 0.500304905471571 0.525609756052175 0.9914634694797274 0.9146341462506914
