8 0.7142247166883403 0.9330616996507567 0.1280373262754003 0.13387660069848664
8 0.8325498039991669 0.9394644935972062 0.09622533558855509 0.1210710128055878
8 0.9419520158734395 0.9371362048894062 0.1039843577072979 0.12572759022118746
8 0.5066641443538998 0.9155995343422583 0.08690104772991852 0.14086146682188583
8 0.4034758808326943 0.930151338766007 0.1319168373347717 0.139697322467986
8 0.22734607873723447 0.9598370197904541 0.12415781521602895 0.08032596041909201
8 0.6703795110593714 0.5 0.04965774155995362 0.08498253783469145
8 0.732063736903376 0.5692665890570431 0.061296274738067494 0.069848661233993
8 0.2967825960419092 0.5989522700814901 0.11560942956926656 0.08498253783469152
8 0.28436816065192083 0.6880093131548312 0.1094022118742724 0.07450523864959252
0 0.45196303841676366 0.6414435389988359 0.15285273573923155 0.14901047729918518
0 0.5388640861466821 0.6094295692665891 0.07836612339930149 0.10128055878928997
0 0.29717054714784635 0.8445867287543655 0.1474214202561118 0.23632130384167638
0 0.13927444703143188 0.8265424912689173 0.17768160651920836 0.2537834691501746
4 0.05082161814105983 0.7869616019304686 0.08146973224679858 0.10244470314318972
4 0.8143093713620488 0.7497089639115251 0.11405762514551811 0.1955762514551806
6 0.8957791036088474 0.8067520372526192 0.13423108265424902 0.08381839348079169
4 0.6688277066356227 0.7619324796274739 0.16604307334109422 0.2246798603026774
4 0.7402107101280557 0.6484284051222352 0.09000465657741544 0.09778812572759023
0 0.14005038145402232 0.6222352786714448 0.13423108265424916 0.12689173457508723
0 0.13966238561097938 0.5389988171614989 0.06827939464493596 0.06519208381839349
0 0.19164784633294527 0.42374854481955765 0.07448661233993015 0.07683352735739227
0 0.2645826542491269 0.41036088474970894 0.07138300349243305 0.07334109429569267
0 0.20600203725261934 0.39639115250291035 0.06129627473806753 0.05937136204889398
4 0.04578496115865474 0.9545983701979046 0.07915548692732112 0.09080325960419089
8 0.5217942374854482 0.7392316647264261 0.04577823050058207 0.14202561117578583
0 0.37204511059371353 0.5343422584400466 0.08922875436554129 0.069848661233993
6 0.507052095459837 0.4278230500582072 0.08146973224679854 0.08731082654249128
8 0.6048157741559953 0.4755529685681024 0.06905529685681032 0.0570430733410943
8 0.5943410942956926 0.5110593713620488 0.07603841676367872 0.05122235157159487
0 0.4725244470314319 0.5395809080325961 0.08224563445867289 0.05937136204889406
8 0.22035622817229336 0.5640279394644936 0.08069383003492434 0.08265424912689177
8 0.3945462747380675 0.4534342258440047 0.10164318975552973 0.07101280558789291
0 0.2455730500582072 0.4708963911525029 0.06595168800931311 0.03841676367869617
0 0.04616618160651921 0.6024447031431898 0.08767694994179279 0.11990686845168795
2 0.5000689540791572 0.6839348079161826 0.9939307763585633 0.6204889406286388
