0 0.6017753201396974 0.8492433061699651 0.2841932479627474 0.1897555296856811
8 0.3218527357392317 0.8766006984866124 0.20732130384167635 0.1071012805587894
0 0.623128637951106 0.5058207217694995 0.09550756693830025 0.07799767171129225
0 0.545091967403958 0.5203725261932479 0.060565774155995414 0.05587892898719446
0 0.6716589057043073 0.5931315483119907 0.0465890570430733 0.061699650756693813
6 0.611093131548312 0.5826542491268917 0.0559068684516879 0.12456344586728761
6 0.504326542491269 0.5890570430733411 0.13122584400465662 0.169965075669383
4 0.45773748544819554 0.7066356228172294 0.16694412107101278 0.0861466821885915
6 0.24498079161816066 0.5972060535506403 0.05978928987194415 0.0791618160651921
8 0.20460360884749712 0.8154831199068684 0.09395459837019789 0.09895227008149007
8 0.3727124563445867 0.6664726426076834 0.11647264260768335 0.0849825378346916
0 0.3432060535506403 0.5937136204889406 0.09317811408614667 0.11641443538998829
0 0.17393247962747382 0.6071012805587892 0.05435389988358556 0.09895227008149014
0 0.2772048894062864 0.48894062863795107 0.05901280558789292 0.058207217694994144
0 0.3975599319443057 0.4470313851621872 0.04193015133876607 0.03725261932479626
0 0.3268998835855646 0.4278230500582072 0.05435389988358562 0.03143189755529683
0 0.4029953434225844 0.540162980209546 0.06833061699650755 0.05355064027939463
0 0.4480314318975553 0.5046565774155995 0.07920139697322469 0.05238649592549478
8 0.799778812572759 0.6065192083818394 0.09783701979045403 0.05587892898719438
6 0.6972828870779977 0.5349243306169965 0.05280093131548313 0.06868451688009315
6 0.6308934807916181 0.7083818393480792 0.10171944121071014 0.12922002328288712
6 0.7291187427240979 0.7130384167636786 0.0776484284051223 0.11059371362048892
6 0.29661699650756695 0.7840512223515717 0.054353899883585514 0.0826542491268917
6 0.4719456104788102 0.46458536342579565 0.02851181748520645 0.022498080553307247
0 0.33576416643762724 0.4825838278684415 0.0427677262278095 0.040496544995953204
2 0.442207645756077 0.6839349294281378 0.6421526533398026 0.576251212156527
