1 0.7769208278544321 0.915525983591112 0.19603579985702807 0.16894803281777598
1 0.930246992317793 0.8682632492948608 0.13950601536441398 0.14884512845054756
1 0.42096108600877585 0.8636118390307811 0.17746398723899381 0.23257051320398048
1 0.49318480174557566 0.7705836337491889 0.10317673676685679 0.15814794897870685
1 0.6314416290131638 0.7597303431330034 0.1527015704149482 0.12403760704212302
1 0.5808850279974039 0.6620507275873314 0.20428993879837656 0.09612914545764525
1 0.27857718927051345 0.6930601293478621 0.19397226512169083 0.1209366668660698
1 0.3590550439486618 0.6248394454746945 0.18571812618034225 0.14574418827449448
1 0.4797718259658843 0.5659215821296861 0.08460492414882254 0.13334042757028222
1 0.573662656423724 0.5070037187846776 0.1279391535909025 0.1395423079223883
1 0.7232689247356663 0.5364626504571818 0.10111320203151976 0.10543196598580458
