0 0.3493421586264892 0.8250822864996497 0.28141451667133854 0.34983542700070075
0 0.6914063556149265 0.8264529771209999 0.18922700258934833 0.2296601228007475
0 0.6647204962754032 0.6728071203176829 0.09218751408199026 0.10997808697500581
0 0.5737459757997548 0.7585253351658491 0.11887337342151355 0.26847591820369077
0 0.5967928543202524 0.5741503070018688 0.16011515603714088 0.14555923276103705
0 0.6998973108593202 0.5175439387059099 0.12857732227224958 0.19407897701471627
0 0.7860198569096006 0.3978619028801682 0.1407072583356691 0.14879388237794913
8 0.9320723580448492 0.777933622438958 0.13585528391030138 0.19084432739780424
6 0.867290428534513 0.6178180768301799 0.16254114324982483 0.1487938823779489
8 0.2862664910967064 0.5563597341088531 0.2183388491415557 0.12291668544265363
8 0.152837194399089 0.8895286446507825 0.16981910488787666 0.18760967778089238
8 0.4318257238577436 0.47225884406914276 0.101891462932726 0.0970394885073582
8 0.5591900525236511 0.4382950230915674 0.13828127112298524 0.10027413812427
2 0.5094573146636301 0.6679551458923149 0.9800988339243168 0.5984101791287082
