8 0.23320297341870388 0.7823050058207217 0.05499733216918898 0.058207217694994144
8 0.19999029879705085 0.8218859138533177 0.0557115832363213 0.0442374854481956
8 0.4449784148234381 0.9214202561117577 0.048569072564998095 0.05471478463329447
8 0.5567587068296469 0.4807916181606518 0.023570285215366624 0.02328288707799764
8 0.5006899980597594 0.47962747380675197 0.028570042685292948 0.030267753201396914
8 0.4231937572759022 0.48486612339930146 0.0292842937524253 0.026775320139697315
8 0.48069096818005436 0.5616996507566938 0.03428405122235155 0.03143189755529683
8 0.39712359332557234 0.5803259604190919 0.039998059759410155 0.05005820721769488
8 0.3181988504074505 0.6257275902211873 0.047854821497865706 0.045401629802095445
8 0.3596254123011252 0.8154830311096692 0.05928283857198288 0.04540180739649447
8 0.5846144984478074 0.8236321303841675 0.034998302289483904 0.08963911525029104
8 0.29141443538998835 0.7258440046565773 0.04285506402793949 0.04074505238649593
8 0.3860527017850214 0.6623981373690335 0.04785482149786574 0.0442374854481956
0 0.6438973370197906 0.8323632130384166 0.062139842840512216 0.048894062863795114
8 0.3021282013969732 0.8562281722933643 0.045712068296468795 0.036088474970896414
6 0.10178077706635623 0.6979045401629801 0.06642534924330616 0.0570430733410943
6 0.8981707169188979 0.9557625145518043 0.07213935778036472 0.08149010477299186
6 0.6963947904540163 0.847497089639115 0.048569072564998095 0.0442374854481956
6 0.8203173506014746 0.6641443538998836 0.05071182576639501 0.045401629802095445
0 0.29177157245463037 0.7747380675203718 0.046426342425752366 0.04307334109429559
0 0.707114752318723 0.9778812572759021 0.12429207739646828 0.044237485448195744
0 0.7688912737679473 0.6577415599534342 0.0407123108265425 0.05820721769499428
8 0.5417594344198681 0.5750873108265424 0.043569315095071844 0.039580908032595945
8 0.5978281431897554 0.549476135040745 0.039998059759410155 0.032596041909196745
8 0.4735484575087311 0.49708963911525017 0.019999029879705078 0.027939464493597157
2 0.5478367643482148 0.7270081490104772 0.7799745570239422 0.5459837019790454
