7 0.2801707411719053 0.6298020954598371 0.10089251067132324 0.0977881257275903
7 0.3826154443150951 0.6507566938300349 0.12883197516492045 0.03259604190919667
8 0.1707411790650431 0.7211876141824505 0.07450523864959253 0.1036088474970896
0 0.4245246410554908 0.46041909196740394 0.08537058595265812 0.05937136204889406
0 0.49825378346915017 0.47147846332945276 0.05277454404346137 0.05122235157159487
0 0.6620100892510672 0.46740395809080326 0.05743112145906096 0.033760186263096584
0 0.6542491268917345 0.43247962747380675 0.11641443538998843 0.05471478463329447
0 0.5611175785797439 0.430151338766007 0.09157935584012414 0.03376018626309665
0 0.5890570430733411 0.49010477299185096 0.35234769111369807 0.0349243306169965
0 0.4819557625145518 0.41792782305005816 0.06984866123399293 0.0349243306169965
2 0.5781916957702755 0.47206053550640276 0.4361660845944897 0.16414435389988355
