6 0.8042295649629335 0.16796774539743808 0.12093677668615527 0.11556180883343739
0 0.9368841057787364 0.8238418131262606 0.1262317884425272 0.35231637374747876
0 0.4625831708245444 0.7162144663746759 0.2055925203664642 0.3681852979111842
0 0.7014333047797013 0.442091105886057 0.12093677668615556 0.15856155165518154
0 0.5343893819819493 0.6033401414675975 0.09826113105750124 0.2499360051513878
0 0.4731651387845831 0.442091105886057 0.11488993785184767 0.19618632662420774
0 0.3484490878269853 0.4380598799965185 0.15872951940057903 0.27949832834133703
0 0.12773947037475164 0.8641540720216457 0.23733842424657997 0.27169185595670853
6 0.1345421640633479 0.4998720103027757 0.2600140698752341 0.39237265324841536
6 0.3620544752041778 0.21365497214554124 0.13756558348050185 0.18006142306605363
2 0.5 0.5376247749690262 1.0 0.9247504500619478
