0 0.503686457120683 0.9254947613504075 0.187815289095848 0.12805587892898715
0 0.38183934807916187 0.8166472642607684 0.34148234381063264 0.220023282887078
0 0.23826154443150951 0.6746216530849826 0.3088863019014358 0.21303841676367882
0 0.09778812572759021 0.5535506402793946 0.1924718665114474 0.2060535506402794
0 0.6759798214978657 0.25029103608847497 0.11641443538998829 0.0791618160651921
0 0.23903764066744274 0.2211874272409779 0.09002716336825767 0.06286379511059373
0 0.40512223515715945 0.1932479627473807 0.11796662786185486 0.06519208381839345
0 0.22351571594877764 0.3777648428405122 0.12417539774932088 0.054714784633294544
0 0.26542491268917345 0.49825378346915017 0.19557625145518046 0.14202561117578583
8 0.5424912689173458 0.6443538998835856 0.3057819169577028 0.2502910360884751
8 0.5820721769499418 0.44877764842840506 0.09002716336825771 0.07101280558789291
8 0.6542491268917345 0.3294528521536671 0.09157935584012414 0.05587892898719438
0 0.27008149010477306 0.32537834691501744 0.10244470314318978 0.07334109429569263
0 0.3903764066744276 0.3341094295692666 0.14435389988358557 0.14668218859138538
2 0.39658517656189374 0.561117578579744 0.7124563445867288 0.8335273573923168
