8 0.09468374078385718 0.6979045401629801 0.14901047729918507 0.08498253783469167
0 0.9167636786961583 0.8556461001164145 0.16647264260768338 0.1140861466821886
0 0.8591385779264067 0.7433061325767812 0.26852938712949254 0.11757850496729953
0 0.6053550640279395 0.6367869615832363 0.19868063639891362 0.06984866123399307
0 0.40977881257275905 0.6903376018626309 0.17694994179278226 0.08614668218859137
0 0.43383779588669 0.7962747380675204 0.18160651920838183 0.13038416763678698
0 0.3919285991462941 0.4959254947613504 0.11331005044625535 0.07217694994179283
0 0.7660069848661234 0.39173457508731085 0.09468374078385722 0.06635622817229347
0 0.5448195576251454 0.45925494761350405 0.13348855258051992 0.08498253783469152
0 0.3213038416763679 0.6123399301513388 0.12727978269305398 0.06286379511059373
0 0.4726426076833527 0.588474970896391 0.11331005044625528 0.07101280558789291
0 0.03725261932479628 0.6344587102637311 0.07450523864959256 0.0977881257275903
0 0.12339930151338767 0.6169965075669384 0.06674427629026 0.05820721769499428
6 0.22506790842064414 0.6094295692665891 0.07140085370585951 0.06868451688009315
6 0.1932479627473807 0.5459837019790454 0.09157935584012417 0.04656577415599536
0 0.2599922390376407 0.4091967403958091 0.13814512999611953 0.03143189755529697
0 0.228948386020447 0.476134975315537 0.209545983701979 0.07450523864959252
0 0.15366705471478465 0.3934807916181606 0.14901047729918512 0.0349243306169965
0 0.03104384943733023 0.34516880093131547 0.05898331393092743 0.05238649592549475
0 0.913465269693442 0.4871944121071013 0.08226620100892518 0.06402793946449357
4 0.6790842064415986 0.5308498253783469 0.2809468374078385 0.09313154831199072
0 0.3422584400465658 0.32945285215366704 0.15987582460225064 0.03958090803259605
0 0.7202173069460613 0.829452852153667 0.18315871168024828 0.15483119906868453
8 0.6387272021730694 0.7072176949941793 0.11020566550252234 0.06635622817229347
8 0.30578197065565416 0.7863796138771812 0.10244470314318974 0.061699650756693813
8 0.24757473506134287 0.6833527918216734 0.11331005044625536 0.058207217694994144
2 0.5005820721769499 0.6140861466821886 0.9949553744664338 0.6344586728754364
