0 0.684953434225844 0.5034924330616997 0.15803259604190928 0.22235157159487784
0 0.7936554132712456 0.34982537834691496 0.18160651920838178 0.1781140861466822
0 0.550058207217695 0.4173457508731082 0.12048894062863802 0.28288707799767165
0 0.4492142025611176 0.38824214202561114 0.10913853317811409 0.1920838183934808
0 0.3994470314318976 0.3108265424912689 0.06722933643771832 0.15366705471478465
0 0.7080908032596043 0.23806752037252615 0.1309662398137368 0.1874272409778812
0 0.586292200232829 0.24563445867287548 0.11263096623981377 0.12107101280558791
0 0.4631839348079162 0.22409778812572761 0.13183934807916173 0.15948777648428406
0 0.31082654249126895 0.26426076833527357 0.10826542491268924 0.14435389988358557
0 0.1981955762514552 0.260186263096624 0.10477299185098951 0.12223515715948782
2 0.5208090803259605 0.41443538998835855 0.7761932479627476 0.5424912689173458
