0 0.5755735492577597 0.43184885290148445 0.08771929824561397 0.08157144999250257
8 0.502361673414305 0.6357774778827411 0.1356275303643725 0.21832358674463934
0 0.09750337381916328 0.4168541010646274 0.06680161943319837 0.1955315639526166
0 0.03171390013495277 0.4473850778204191 0.06342780026990553 0.16086037367390169
0 0.20512820512820512 0.34128055180686756 0.06882591093117409 0.07077522866996545
3 0.3066801619433198 0.3766681661418504 0.12483130904183536 0.09836557204978255
3 0.1821862348178138 0.45044234517918724 0.08502024291497977 0.17393912130754238
0 0.9389338731443995 0.6963562753036437 0.12213225371120102 0.15474583895636534
8 0.23717948717948714 0.6099865047233469 0.06140350877192979 0.09236767131503974
8 0.7162618083670717 0.9248762932973459 0.1396761133603239 0.13435297645823965
2 0.49696356275303644 0.6435747488379068 0.9939271255060729 0.6729644624381467
