3 0.1356941680123174 0.7037252619324796 0.1433174358781779 0.36437718277066344
3 0.32552015076864005 0.9243306169965076 0.22718660819543468 0.1513387660069847
3 0.5690769461864884 0.6984866123399303 0.22488640204288557 0.25611175785797435
3 0.764613766945811 0.5855646100116415 0.17533516091479215 0.1932479627473807
3 0.346477524503361 0.6472642607683353 0.11816065192083819 0.28405122235157165
3 0.7188741597506478 0.23166472642607686 0.06860941079274469 0.05820721769499418
3 0.7547035187201924 0.18975552968568102 0.050313567914679426 0.06984866123399304
3 0.8397029554245372 0.14668218859138535 0.06479777685981446 0.05820721769499419
8 0.7779544857110668 0.951688009313155 0.17762214127455025 0.09196740395809072
8 0.7901517142964437 0.8061699650756694 0.17457283412820615 0.1711292200232829
8 0.5408708550828044 0.9010477299185101 0.23403432348191808 0.14202561117578583
8 0.3308498253783469 0.7706635622817231 0.2408952645611927 0.14435389988358566
8 0.24585038867400205 0.5931315483119907 0.06937173757933081 0.19906868451688006
8 0.03392354200307935 0.6350407450523865 0.06174846971347028 0.16181606519208386
8 0.5557362274212325 0.5378346915017462 0.1448420894513501 0.1559953434225843
8 0.7409816365616433 0.4924330616996508 0.09300386796349841 0.11641443538998836
0 0.5084719666528972 0.4348079161816065 0.18295842878065266 0.11525029103608851
8 0.7916763678696158 0.35273573923166474 0.07089639115250293 0.06053550640279397
8 0.6971478463329452 0.39813736903376024 0.04955124112809358 0.04889406286379518
8 0.8553306545495513 0.30034924330616997 0.13874347515866162 0.04423748544819553
8 0.9699744639303016 0.28114086146682193 0.06005107213939681 0.05937136204889406
8 0.6632243043298659 0.3119906868451688 0.1448420894513501 0.10477299185098954
8 0.8000619625220624 0.24388824214202565 0.0815689661647076 0.04307334109429575
8 0.9067877126441098 0.540745052386496 0.08004431259153563 0.08032596041909187
8 0.8842990724398213 0.6781140861466823 0.10520109654887534 0.1711292200232829
2 0.49818055503398545 0.6833527357392317 0.9384242742874309 0.6076833527357394
2 0.7973938187690112 0.24039580908032598 0.38116339329302634 0.27357392316647267
