0 0.9459811705611714 0.7877154132251158 0.07891607626071803 0.1300814443857989
0 0.8620063714632278 0.8039755937733407 0.07284560885604734 0.12646807093063786
0 0.3116173267730917 0.598013306829159 0.08903352193516906 0.11201457710999357
0 0.3500636763379374 0.7244813772283685 0.12140934809341228 0.16260180548224873
0 0.49777832718299064 0.6630540290220586 0.10926841328407115 0.11201457710999349
0 0.24079444635902725 0.5564595376033711 0.0647516523164866 0.12285469747547666
0 0.19425495694945977 0.5167124040880346 0.09308050020494947 0.10840120365483244
0 0.592882265187726 0.4299914393041692 0.08903352193516902 0.09394770983418815
0 0.41481527265249213 0.5582661988223871 0.05261071750714528 0.06142734873773833
0 0.4927196043457651 0.5528461386396455 0.08701003280027883 0.10840120365483244
0 0.5544360229599163 0.8003622203181797 0.07689258712582785 0.10478783019967139
0 0.43707365313628443 0.6937677033909277 0.06070467404670616 0.16621517893740978
0 0.5048601331411007 0.7570017484219584 0.1234328372283025 0.17705529930289302
6 0.6161524415740677 0.6558272821117365 0.07486909799093766 0.1336948178409601
6 0.6869745612952249 0.8220424610491461 0.11129190241896125 0.07588084255838283
0 0.17806704387033812 0.8039755937733407 0.17402006560055774 0.16260180548224867
0 0.8508771812213315 0.5853664997360952 0.15176168511676535 0.13730819129612107
0 0.10420969044684561 0.7009944503012498 0.10724492414918092 0.16621517893740978
0 0.1062331795817358 0.5654929457327094 0.08701003280027886 0.1626018054822488
0 0.4512380770805159 0.4462516217123937 0.16592610906099695 0.14092156475128229
0 0.7223856211558035 0.6738941493875419 0.07689258712582785 0.16982855239257091
2 0.5139662402621124 0.6269202944704477 0.9631808282077381 0.531165897908679
