0 0.33189345400441683 0.7896099653919247 0.21944495316103127 0.2983779592725246
8 0.41708171221910284 0.38085641955923877 0.2180819410295962 0.16495692057342828
8 0.18945868626946175 0.4851674134512595 0.06542458230887888 0.11644017922830237
8 0.2821435112070402 0.5312583177291291 0.07632867936035873 0.1504018981698904
8 0.48523231879085166 0.6610406008273411 0.07905470362322858 0.18193778004422234
8 0.2494312200526007 0.4136052199671987 0.049068436731659164 0.16738275764068455
8 0.5015884643680714 0.5154903767919632 0.11721904330340799 0.08975597148848308
8 0.3721023118817486 0.5518779328008077 0.08178072788609861 0.08975597148848287
8 0.812355230335246 0.35053345621853504 0.06815060657174897 0.16253108350617185
8 0.9275297554415016 0.260777484730052 0.09132181280614347 0.14312438696812155
0 0.3932289999189908 0.11522726069467414 0.09404783706901342 0.09460764562299559
8 0.2937291143242375 0.19042820977961936 0.08586976428040348 0.08975597148848301
2 0.558153467822623 0.5009353543884255 0.8600606549354702 0.8708755071450109
