5 0.7232312675071855 0.9132714325759309 0.4018170574187247 0.1734571348481376
5 0.766888622911398 0.8044237485448196 0.15722090219140283 0.07916181606519217
6 0.7913452076967273 0.7467986030267753 0.2725162304650982 0.05005820721769496
6 0.7590275475849266 0.6629802095459831 0.2218562224150043 0.11990686845168783
8 0.5450324609301963 0.6414435389988359 0.16420849784435398 0.2281722933643772
4 0.2838710734011439 0.5937136204889406 0.17294299241054303 0.14901047729918518
4 0.059394563050085496 0.9057043073341094 0.10481393479426852 0.18626309662398144
5 0.7555337799753522 0.5547147846332945 0.10306703588103076 0.06868451688009315
1 0.6830374750759831 0.5878928987194412 0.09782633914131736 0.058207217694994214
3 0.6367446538751813 0.5011641443538999 0.1170422271869333 0.12223515715948771
5 0.7205958017105961 0.47147846332945276 0.04017867500446954 0.058207217694994214
1 0.4210026380903119 0.479627473806752 0.12577672175312224 0.07916181606519203
1 0.5502731576699097 0.4423748544819557 0.07336975435598796 0.058207217694994214
3 0.41750884832167645 0.34458659789533486 0.13276431740607342 0.05587892898719446
7 0.19565277296225816 0.27299185098952256 0.3109481959155772 0.2339930151338765
7 0.5441598414311288 0.38882626121168506 0.043672513120146486 0.034924330616996534
0 0.4742830549440651 0.27706635622817233 0.08559804674865262 0.058207217694994214
0 0.39654605330498255 0.2718277066356228 0.08385114783541482 0.057043073341094264
0 0.4323574810263577 0.2462165308498254 0.08559804674865262 0.05704307334109433
0 0.44982647015873567 0.219441210710128 0.1065608337075063 0.04540162980209548
0 0.7450523864959254 0.24505238649592548 0.1345112163193113 0.033760186263096584
0 0.8271566354181025 0.1979045401629802 0.11005463153398196 0.037252619324796295
0 0.9520599077146056 0.2008149010477299 0.06638215870303654 0.050058207217694994
0 0.9372113717040078 0.15483134862186249 0.1065610432113553 0.04423778455455159
5 0.5904518326743793 0.3288707799767171 0.1257767217531223 0.15250291036088476
8 0.6349977549619434 0.24738067520372525 0.07861045109570121 0.026775320139697315
5 0.584337686478047 0.22176949941792784 0.05764766413684775 0.038416763678696134
2 0.5066006848389645 0.550058207217695 0.9817571892396484 0.8928987194412108
