3 0.6558013193636011 0.6204889406286379 0.33993015133876603 0.20023282887077998
3 0.8459448112505262 0.5395808426030806 0.15521936174228088 0.2735739231664724
3 0.6208769887466046 0.28812572759022115 0.32596041909196743 0.11525029103608844
3 0.21265036864571207 0.35040745052386496 0.18936748156771444 0.07450523864959255
6 0.17539774932091576 0.44121071012805585 0.26076833527357385 0.12107101280558794
6 0.3507955093814219 0.3882421607197584 0.09623593325572372 0.12456344586728754
0 0.41288319751649205 0.5558789289871945 0.15211486224291818 0.1874272409778814
0 0.5083430345362825 0.4260768335273573 0.19712844392704695 0.19091967403958088
0 0.883197516492045 0.36554132712456344 0.09934031819945673 0.10477299185098954
0 0.8327512611563834 0.3090803259604191 0.12572759022118732 0.08032596041909194
8 0.9771051610399689 0.6158323632130385 0.04190919674039577 0.04656577415599536
2 0.524058983313931 0.4639115250291036 0.9518820333721382 0.4924330616996508
