3 0.40570430733410945 0.6140861466821886 0.23166472642607677 0.21769499417927818
3 0.6583236321303843 0.4959254947613505 0.18277066356228175 0.17462165308498265
3 0.6018626309662397 0.6344586728754366 0.09778812572759023 0.12805587892898715
3 0.6519208381839349 0.29161816065192087 0.24447031431897565 0.21071012805587888
3 0.9470314318975553 0.6187427240977881 0.10593713620488941 0.21303841676367852
3 0.8963911525029105 0.4022118742724098 0.17927823050058195 0.1618160651920838
3 0.3469150174621653 0.830034924330617 0.19557625145518046 0.19790454016298029
3 0.10826542491268917 0.9068118573900429 0.21653084982537835 0.1444670884795184
3 0.4994280343894797 0.07683377972838018 0.3562079752698905 0.09080325960419092
2 0.5069848661233993 0.5029103608847497 0.9767171129220023 0.9383003492433062
