8 0.14908536585365856 0.43475609756097566 0.2725609756097561 0.4109756097560976
8 0.11067073170731706 0.6176829268292683 0.10426829268292682 0.09146341463414644
6 0.201219512195122 0.826219512195122 0.3567073170731707 0.30853658536585354
8 0.6365853658536587 0.7341463414634145 0.09512195121951215 0.1902439024390243
8 0.7317073170731707 0.8182926829268292 0.0932926829268294 0.11707317073170742
8 0.8629573170731709 0.8987804878048781 0.12347560975609767 0.14634146341463405
8 0.7257621951219513 0.6036585365853658 0.41067073170731705 0.39268292682926836
8 0.4147865853658537 0.551219512195122 0.19115853658536586 0.14390243902439032
8 0.45137195121951224 0.42134146341463413 0.26615853658536587 0.16707317073170727
2 0.4929878048780489 0.598170731707317 0.9640243902439026 0.7817073170731708
