0 0.5957440004715007 0.6485262642495389 0.2712762859289868 0.2905070331969543
4 0.8590415721084586 0.5135018685382784 0.23404228589951814 0.20049076938944738
0 0.6901587862605107 0.2557280221804175 0.2420210001915472 0.18412417596990063
0 0.6728715719611145 0.1166119781142704 0.10106371436570093 0.11865780229171374
0 0.06515950005157038 0.3559734068751412 0.13031900010314076 0.1718492309052405
0 0.23271250018417994 0.38256912118190456 0.2579784287756052 0.27414043977740754
0 0.2885635002283831 0.15548263748569385 0.11968071438043537 0.13911604406614717
0 0.412233571754833 0.2864153848420676 0.24468057162222345 0.19639912103456061
0 0.4468080003536255 0.9050731871337814 0.3138294288198084 0.18985362573243733
0 0.3896273434047542 0.5257767478981341 0.17819128585531488 0.2495905496480875
2 0.5026590003978286 0.5380517586675985 0.9680840007661885 0.8797043963006362
