8 0.212149193930468 0.7502507468415365 0.10748892492477044 0.14027351074091043
8 0.09758862920801527 0.8118860773186033 0.07637370981496847 0.08501424893388532
8 0.03960118286702069 0.9484501631262442 0.06788774205774976 0.10309967374751153
8 0.6010893828029925 0.8671453391256285 0.10466026900569765 0.16152707297438185
8 0.4624852427684202 0.9527008755729385 0.13860414003457244 0.09459824885412303
0 0.45682793093027435 0.8288889271053803 0.1725480110634473 0.16152707297438185
0 0.3196381188552384 0.7566268155115778 0.056573118381458155 0.09351567382727367
0 0.4172267480632537 0.6928661288111642 0.13860414003457244 0.11051852361405068
0 0.5855317752480915 0.7013675537045526 0.14709010779179116 0.17852992276115892
8 0.7283788991612732 0.7098689785979411 0.1612333873871556 0.24654132190826686
0 0.18244830678020246 0.5950997425371962 0.09334564532940591 0.0850142489338851
0 0.25740768863563446 0.6482336481208744 0.10183161308662456 0.05525926180702527
0 0.4186410760227901 0.5908490300905018 0.17537666698252025 0.11901994850743919
0 0.7283789122088845 0.561093940574994 0.16689069922530153 0.10201709872066217
0 0.4115694362251079 0.5058347811566167 0.15557607554900982 0.0765128240404966
0 0.20932053801139502 0.524962987166741 0.1866912906588118 0.08076353648719092
2 0.4667282266470295 0.7231624034514484 0.8655687112363093 0.5536751930971029
