4 0.7506790842064416 0.588474970896391 0.49864183158711683 0.1920838183934807
4 0.6387272021730694 0.6554132712456345 0.34303453628249914 0.11175785797438892
4 0.5106713232440824 0.7316647264260768 0.24835079549864184 0.08731082654249135
8 0.927629025999224 0.7566938300349243 0.14474194800155218 0.12339930151338763
6 0.4408226620100892 0.9220023282887078 0.11486224291812185 0.058207217694994144
8 0.17927827703880667 0.723515809419514 0.2281722933643772 0.06868462904497624
8 0.3104384943733023 0.6257275902211874 0.20488940628637953 0.07799767171129225
0 0.07140085370585952 0.5966239813736904 0.12417539774932092 0.10593713620488948
0 0.7403958090803261 0.44877764842840506 0.1210710128055878 0.05937136204889406
0 0.06363989134652696 0.4214202561117578 0.12727978269305393 0.0349243306169965
6 0.6332945285215367 0.29976717112922 0.1024447031431896 0.031431897555296864
6 0.3026775320139697 0.28987194412107103 0.09002716336825767 0.04656577415599536
8 0.43383779588669 0.38067520372526187 0.06984866123399307 0.039580908032596014
8 0.42219635234769115 0.4825378346915018 0.15211486224291812 0.03841676367869617
8 0.4943732808103033 0.3993015227347337 0.11331005044625536 0.03492433061699657
8 0.6426076833527358 0.4109429569266589 0.07140085370585965 0.030267753201396914
0 0.3213038416763679 0.5395809080325961 0.12727978269305398 0.05704307334109423
0 0.16298020954598372 0.5378346915017462 0.16453240201785022 0.06752037252619324
6 0.05587892898719441 0.5017462165308498 0.09934031819945673 0.11641443538998836
0 0.05510283275126115 0.7025611175785798 0.09468374078385718 0.07799767171129232
0 0.20178502134264648 0.4452852153667055 0.18315871168024833 0.054714784633294544
8 0.8917345750873108 0.46798603026775326 0.08847497089639106 0.0349243306169965
2 0.5015521924718666 0.6059371362048894 0.996895615056267 0.7275902211874273
