3 0.31848849160932013 0.44084887094107883 0.310391363022942 0.20410996945292972
0 0.4291497975708502 0.6991113579561232 0.2307692307692307 0.2985281866148292
0 0.6973684210526316 0.5963621216328797 0.12348178137651822 0.19577895029158568
0 0.6801619433198381 0.43737850597056366 0.184885290148448 0.20549847264648713
0 0.5138326585695007 0.25340183282421547 0.15587044534412953 0.273535129130797
0 0.20849823698211994 0.1735632960895028 0.17543918874536943 0.2249375173562898
0 0.07759784075573549 0.436684254373785 0.13090418353576247 0.30963621216328796
6 0.6643049932523617 0.6366287142460427 0.3137651821862349 0.4290474868092196
0 0.937246963562753 0.8705915023604553 0.12415654520917684 0.23326853651763402
8 0.7165991902834008 0.06456539850041654 0.12145748987854248 0.11524576506525964
2 0.5010121457489879 0.5039591578701011 0.9979757085020243 0.9551551943850233
