5 0.7773842815204739 0.8655413271245636 0.17378650604848914 0.1734575087310826
1 0.4654995697727388 0.8917345750873108 0.08068659209394141 0.08149010477299186
1 0.308794841391298 0.9644935972060535 0.07140352091591584 0.07101280558789284
1 0.17844150174621654 0.9068684516880093 0.13654654046667006 0.10244470314318989
1 0.2816272397125069 0.6530849825378346 0.14430486662954903 0.04190919674039577
1 0.3514521751784178 0.8410942956926659 0.1287882143037911 0.13620488940628633
1 0.7052318482056993 0.6775320139697323 0.12568488383863952 0.048894062863795114
1 0.5787711317507719 0.7229336437718277 0.03723996558181916 0.09313154831199072
5 0.12568488025999205 0.6350406889699447 0.05275661790757706 0.03841676367869617
5 0.12801238168750317 0.6885913853317811 0.0667216050007592 0.054714784633294614
5 0.4662754023890267 0.4732246798603026 0.06982493546591073 0.043073341094295683
5 0.3080055486662955 0.39231664726426074 0.0946515791871235 0.039580908032596014
0 0.5585994837272865 0.3073341094295693 0.17999316697879236 0.12805587892898718
0 0.16913151035076177 0.4039580908032596 0.14275320139697323 0.08614668218859137
5 0.28628223541023434 0.42724097788125726 0.06361827453560764 0.03725261932479626
5 0.7036801829731235 0.3911525029103609 0.04810162220984978 0.0535506402793947
1 0.26067987358945177 0.5250292812032462 0.31653970744546234 0.13736903376018625
1 0.5539444880295591 0.5954598370197904 0.24826643721212732 0.11292200232828861
1 0.057411613605304446 0.7764842840512225 0.10861656628030572 0.3958090803259604
1 0.44455208913296557 0.7729918509895226 0.22188812825833884 0.1792782305005821
6 0.6167869299488788 0.8236321303841677 0.12568488383863938 0.10128055878928975
1 0.6299760164314718 0.4738068455079889 0.26688642000303686 0.11874272409778804
6 0.7184210026825935 0.31082654249126895 0.09620324441969942 0.0791618160651921
2 0.49653287442425464 0.6129220023282886 0.9247924786151743 0.7485448195576251
