0 0.2367093072113501 0.7479625417450554 0.18315871168024833 0.2782305005820722
0 0.4357780364765231 0.7450523864959254 0.19790454016298029 0.3050058207217695
0 0.1559953434225844 0.5651920838183935 0.2436942180830423 0.1920838183934808
0 0.5719828918741068 0.5954597528961277 0.10399689561505618 0.12223515715948764
0 0.6492045013581685 0.5570430733410943 0.09235545207605739 0.11757857974388827
0 0.5475358944509119 0.4959254947613505 0.1265036864571207 0.15599534342258445
0 0.4260768335273574 0.48370197904540163 0.11175785797438877 0.10593713620488941
0 0.33954210322079936 0.43597206053550636 0.10166860690725653 0.08963911525029097
0 0.1979045401629802 0.4435389988358556 0.1505626697710516 0.09313154831199072
8 0.5704307190914892 0.8213039258000304 0.09623593325572372 0.06868451688009315
8 0.05975941016686069 0.9341692497066901 0.11951882033372138 0.117691768339821
8 0.33954210322079936 0.9260768335273574 0.14978657353511837 0.043073341094295614
8 0.04152114862242918 0.6949941138487151 0.08304229724485836 0.1280558789289872
8 0.020954598370197905 0.6030267753201397 0.038804811796662786 0.10011641443539006
8 0.3057819169577028 0.5518044237485448 0.04190919674039581 0.08381839348079162
8 0.6406674427629027 0.6885913853317811 0.06286379511059387 0.0826542491268917
8 0.6984866123399303 0.7415599534342259 0.11175785797438877 0.0628637951105938
8 0.5774155995343423 0.7019790454016297 0.07450523864959259 0.10011641443539006
8 0.1598758228123189 0.9656578630719106 0.09313154831199066 0.05238655200793678
8 0.2976329064804036 0.9668218859138533 0.10632518432285601 0.05471478463329447
3 0.3942568878540939 0.3690337601862631 0.11951882033372144 0.14435389988358563
6 0.12029491656965463 0.7316647264260768 0.05277454404346137 0.10360884749708958
6 0.10011641443538999 0.8579743888242143 0.08847497089639117 0.10244470314318974
8 0.07916181606519208 0.7956926658905704 0.09313154831199069 0.0570430733410943
2 0.3639891346526969 0.6286379511059371 0.7202173069460612 0.7357392316647264
