6 0.6829179856115107 0.32973621103117506 0.09312517985611507 0.17266187050359716
6 0.4841834532374101 0.7398081534772183 0.136988489208633 0.21582733812949656
6 0.49801726618705033 0.49580335731414876 0.1228172661870503 0.2218225419664269
6 0.4042172661870504 0.605515587529976 0.08907625899280575 0.1726618705035971
6 0.537831654676259 0.35371702637889696 0.15115971223021582 0.16306954436450843
6 0.6552504017338401 0.4676258794488735 0.08367769784172659 0.10551558752997607
6 0.39476978417266184 0.4148681055155876 0.08637697841726613 0.21822541966426862
8 0.14643597122302157 0.9142685851318947 0.09582446043165467 0.08513189448441252
8 0.5759589928057554 0.5929256594724222 0.05196115107913677 0.07314148681055159
8 0.47979712230215826 0.6336930455635492 0.0485870503597122 0.044364508393285436
8 0.20177122302158274 0.7488009592326139 0.07692949640287772 0.05635491606714624
8 0.2476589928057554 0.43165467625899284 0.0431884892086331 0.07913669064748198
8 0.5722474820143885 0.6726618705035972 0.06748201438848923 0.09112709832134293
8 0.9615769784172662 0.5173278003573705 0.07684604316546767 0.2744637541919589
8 0.8080971223021584 0.3567146282973621 0.06545755395683457 0.07793764988009595
2 0.4986920863309352 0.5971223021582734 0.9784892086330934 0.6762589928057555
