0 0.14436393561077435 0.7718277066356228 0.05971257677331298 0.07450523864959252
0 0.20477901328730283 0.7572759022118742 0.038637549676849584 0.09895227008149007
0 0.40639677251013606 0.8341094295692665 0.06533258399903659 0.07334109429569267
0 0.33860543534984544 0.8265424912689174 0.08008510296656095 0.09080325960419089
0 0.271867849544378 0.729918509895227 0.04355505599935771 0.08381839348079169
0 0.32455541728553655 0.7200232828870781 0.06182007948295937 0.07566938300349221
0 0.26027658464132314 0.8073341094295694 0.04847256232186588 0.06402793946449364
0 0.40112801573602025 0.729336437718277 0.07587009754726828 0.06868451688009315
0 0.5117719063722563 0.7729917107834183 0.10045762915980888 0.07450523864959266
0 0.5858857532816828 0.7520372526193247 0.0674400867086829 0.13271245634458664
0 0.4833206214122275 0.7275902211874272 0.0941351210308698 0.07450523864959252
0 0.6638633535385975 0.7735739231664727 0.05339006864437394 0.07799767171129218
0 0.6638633535385975 0.7171129220023283 0.06463008309582122 0.051222351571594944
0 0.6266308056681787 0.7857974388824215 0.060415077676528456 0.09778812572759023
0 0.7629159808919755 0.7572759022118742 0.07727509935369924 0.05937136204889398
0 0.7242784312151258 0.6984866123399301 0.06322508128939021 0.09313154831199086
0 0.9525912247601461 0.6862630966239814 0.08430010838585361 0.08963911525029104
0 0.8742623740516238 0.6944121071012807 0.087812612901931 0.11292200232828868
0 0.28451286580225604 0.6682188591385332 0.029505037935048755 0.058207217694994214
0 0.3136666532856971 0.6268917345750874 0.038637549676849584 0.04074505238649593
0 0.355816715579608 0.6728755206777953 0.09483762193408539 0.055878928987194376
0 0.45205933121914016 0.6676367869615832 0.03442254425755692 0.07101280558789284
0 0.4200955401228373 0.6891734575087309 0.028100036128617917 0.06286379511059366
0 0.4833206214122276 0.6600698486612339 0.04777006141865044 0.08614668218859137
0 0.5328469350889166 0.6752037252619325 0.04847256232186581 0.09313154831199072
0 0.6382220705712336 0.6845168800931316 0.04706756051543501 0.10477299185098957
0 0.6895046365059612 0.6379511059371362 0.07797760025691475 0.05355064027939463
0 0.3438741921239613 0.5908032596041909 0.054092569547589446 0.07334109429569267
0 0.4067480229617438 0.6286379511059371 0.0674400867086829 0.07916181606519217
0 0.4506543294127093 0.6071012805587892 0.07797760025691466 0.07566938300349242
0 0.5040443980570832 0.590803259604191 0.05549757135402032 0.08963911525029104
0 0.5806169965075669 0.6187427240977882 0.0779776002569146 0.12689173457508743
0 0.6508670868291117 0.5762514551804423 0.05409256954758938 0.0791618160651921
0 0.6765083697964756 0.5285215366705471 0.03512504516077243 0.048894062863795044
0 0.6905583611275371 0.5873108265424904 0.05339001517787914 0.08498253783469126
0 0.7421922042471197 0.5785797438882422 0.059712576773312945 0.06286379511059366
0 0.3905905021877885 0.5552968568102444 0.05620007225723576 0.07217694994179276
0 0.45135683031592466 0.5436554132712457 0.04847256232186588 0.069848661233993
0 0.5061519007667296 0.5360884749708964 0.05128256593472763 0.05937136204889406
0 0.4123680301874674 0.5017462165308498 0.0674400867086829 0.05355064027939463
0 0.570430733410943 0.4947613504074505 0.04777006141865051 0.04423748544819546
0 0.5816707478623901 0.5261932479627474 0.05620007225723576 0.048894062863795044
0 0.6259283047649633 0.5017462165308498 0.047770061418650374 0.058207217694994144
0 0.7077696599895629 0.5133876600698487 0.04706756051543493 0.06519208381839356
0 0.7551884709566056 0.5244470314318975 0.03793504877363418 0.08498253783469152
0 0.8208723054072499 0.5651920838183935 0.07516759664405286 0.11059371362048885
0 0.20372526193247964 0.5564610011641443 0.057605074063666634 0.058207217694994144
0 0.17351772309421543 0.6175785797438883 0.059010075870097545 0.05937136204889413
0 0.1208301553530569 0.7060535506402794 0.15033519328810566 0.07799767171129232
0 0.671942113925575 0.4452852153667055 0.06954758941832921 0.08265424912689177
2 0.5154550198707398 0.6455180442374854 0.9690899602585203 0.4924330616996507
6 0.9297599454056441 0.8568102444703143 0.08078760386977635 0.12805587892898715
