5 0.10110833073252025 0.5106610628136149 0.19709725231402678 0.967568329541586
5 0.362198197434218 0.7928684922632441 0.20221666146504044 0.37243701573624544
5 0.5285789948421628 0.8504618452121481 0.19197784316301317 0.2802876510179991
5 0.46330652816673834 0.5874522000788202 0.2150151843425747 0.26876898042821834
5 0.8037472367091482 0.527939068698286 0.1023881830202737 0.18045917257323232
5 0.8472622144927645 0.2937261000394101 0.09214936471824643 0.13438449021410917
6 0.5375379608564367 0.278367872586369 0.16382109283243784 0.21117562747931445
6 0.8353212993913962 0.9022958628661616 0.3293574012172076 0.19197784316301308
6 0.33148174252813595 0.4703457157493821 0.13566434250186263 0.20349651375279393
6 0.903575715153915 0.5874522000788202 0.1484628653793969 0.21501518434257477
6 0.3570787882832044 0.37051723730461533 0.12542552419983521 0.18045917257323232
6 0.8933368968518878 0.3973941353474371 0.1279852287753421 0.11902626276106815
2 0.5093812105258615 0.5317786255615463 0.9317324654844903 0.9330123177722437
