8 0.18577235772357725 0.3969512195121952 0.2349593495934959 0.4573170731707317
8 0.18739837398373982 0.7176829268292683 0.20081300813008127 0.19390243902439017
8 0.3199186991869919 0.2890243902439025 0.259349593495935 0.5341463414634147
8 0.8788688411557578 0.32073170731707323 0.23088020386734612 0.6414634146341465
8 0.5077306297736439 0.19451219512195123 0.3113680087453951 0.38902439024390245
8 0.8386178861788618 0.8378048780487805 0.1715447154471545 0.18536585365853653
8 0.843089430894309 0.6810975609756098 0.23414634146341456 0.15243902439024395
3 0.6613821138211382 0.6573170731707317 0.0853658536585366 0.10975609756097562
3 0.42113821138211377 0.6573170731707317 0.05853658536585364 0.13414634146341464
3 0.30569105691056914 0.5329268292682926 0.07967479674796749 0.07804878048780481
3 0.3361859143264894 0.9292682926829269 0.052859633531027655 0.1414634146341463
6 0.4117956704240504 0.8871951219512195 0.08212792621395458 0.22560975609756098
6 0.7044715447154473 0.8798780487804878 0.13414634146341464 0.2378048780487805
8 0.6317073170731707 0.8048780487804877 0.14796747967479668 0.2048780487804879
2 0.5016260162601626 0.4993902439024391 0.9821138211382113 0.9646341463414635
