0 0.2035557663962547 0.4569947327820056 0.10909524734962667 0.11839241781917245
0 0.920415831249781 0.5682836055320276 0.15916833750043807 0.1515422948085407
0 0.9616591564673227 0.29124534783516415 0.07668168706535454 0.11839241781917241
0 0.5973630007314926 0.4498911877128552 0.09845180858380942 0.15154229480854065
0 0.7224234062298451 0.4427876426437048 0.15699072179580412 0.15627799152130756
0 0.840831662499562 0.3906949788032689 0.10111266827526379 0.13733520467024
0 0.7437102837614796 0.25572762248941244 0.07716493105217509 0.13259950795747308
0 0.8421620923452892 0.27230256098409655 0.061199772903449204 0.10892102439363864
0 0.5122154906049546 0.3314987698936827 0.08248665043508367 0.14207090138300685
0 0.6080064394973098 0.30308458961708135 0.103773527966718 0.16101368823407447
0 0.6971452391610292 0.28650965112239724 0.09046922950944662 0.2320491389255779
0 0.24080780207661504 0.3149238313989986 0.09845180858380946 0.15627799152130756
0 0.4297288401698711 0.32202737646814894 0.12506040549835254 0.17048508165960827
6 0.3392596106604245 0.38122358537773515 0.10909524734962667 0.1278638112447062
0 0.9496852878557783 0.4262127041490207 0.10062942428844324 0.1515422948085407
2 0.5332607461431789 0.4427876426437048 0.9334785077136423 0.47830536798945644
0 0.10776401971826363 0.36464029743270243 0.12506040549835248 0.21784204878727706
