8 0.10451105937136206 0.8003492433061701 0.09135040745052386 0.12223515715948778
8 0.015096041909196743 0.6803857805565156 0.030192083818393486 0.11303519092422157
8 0.5078463329452851 0.9074505238649593 0.06502910360884748 0.12922002328288698
0 0.2616647246406199 0.620488837810828 0.16412107101280562 0.12572759022118732
0 0.17302386495925492 0.6658905704307334 0.061158323632130376 0.09545983701979054
0 0.16450814901047728 0.7578579743888241 0.05496507566938298 0.07683352735739234
0 0.21637660069848658 0.780558789289872 0.05961001164144353 0.1012805587892899
0 0.1130267753201397 0.6653084982537834 0.09599534342258441 0.09895227008149007
0 0.04877182770663563 0.6036088474970895 0.09289871944121071 0.10360884749708958
0 0.8082188591385332 0.4708963911525029 0.1439930151338764 0.1618160651920838
0 0.880989522700815 0.6222351571594877 0.09909196740395813 0.17112922002328296
0 0.7482217694994179 0.5558789289871945 0.09676949941792784 0.09895227008149014
0 0.6530005820721773 0.8981374484838858 0.09057625145518043 0.1036090063973412
0 0.558940628637951 0.5180442374854483 0.10993015133876596 0.10477299185098957
0 0.643323632130384 0.5931315483119907 0.08051222351571581 0.14086146682188583
0 0.639452852153667 0.4359720605355064 0.07896391152502914 0.09429569266589055
0 0.560488940628638 0.4289871944121071 0.06502910360884748 0.10593713620488941
0 0.47958963911525027 0.4330616996507567 0.08747962747380669 0.09080325960419089
0 0.4199796274738067 0.38766006984866125 0.06270663562281718 0.06286379511059366
0 0.3665628637951106 0.41036088474970894 0.07044819557625147 0.06169965075669388
0 0.33288710299406804 0.41210714801592696 0.0634807916181606 0.06519208381839349
0 0.2651484284051222 0.4167636786961583 0.09057625145518042 0.07450523864959259
0 0.2593422584400466 0.5058207217694993 0.0774155995343423 0.0919674039580908
0 0.1312194412107101 0.5855646100116414 0.06425494761350406 0.06286379511059373
0 0.19237776484284047 0.5034924330616997 0.047223515715948815 0.07799767171129218
0 0.3301775320139697 0.5209545983701979 0.05496507566938305 0.09429569266589055
0 0.4896536670547147 0.5576251455180441 0.0704481955762514 0.07450523864959259
0 0.46333236321303845 0.630384167636787 0.07354481955762517 0.0756693830034925
0 0.7517054714784633 0.7153667054714785 0.12386495925494756 0.15948777648428403
0 0.18735246638341332 0.9545983701979046 0.17187606198684996 0.09080325960419089
0 0.5430704307334109 0.6664726426076834 0.0812863795110593 0.12223515715948771
0 0.4164959254947614 0.7846332945285215 0.14399301513387663 0.14901047729918504
0 0.38707799767171125 0.489522700814901 0.10064027939464495 0.07566938300349242
0 0.28334109429569265 0.7677532013969732 0.07586728754365542 0.1315483119906868
0 0.7044819361224888 0.4668218859138533 0.05883585564610016 0.09313154831199072
8 0.039481995042566005 0.7595475405392659 0.060384203345924654 0.15261609895681758
8 0.6413882332147413 0.7811409923258528 0.11999417927823056 0.1327124563445868
0 0.31430733410942957 0.9301513387660069 0.10683352735739234 0.11874272409778812
2 0.4877249925766612 0.6717112922002328 0.9460320573302724 0.6565774155995343
