8 0.39813736903376024 0.1530849825378347 0.16065192083818394 0.050058207217694994
8 0.07945285215366706 0.15657741559953434 0.10651920838183936 0.045401629802095445
8 0.18335272365719263 0.19732253341554568 0.10477299185098954 0.06635622817229338
8 0.6286379511059372 0.8946449359720606 0.21303841676367866 0.09895227008149021
8 0.5055448334486299 0.9697322467986029 0.158935999842545 0.06053550640279397
3 0.28988709188867645 0.9021552799744434 0.17115951555849374 0.19546306285924772
6 0.14669733635899077 0.9487776484284052 0.1816368147435927 0.10244470314318974
3 0.340512223515716 0.6897555296856811 0.5587892898719442 0.21536670547147835
3 0.8032596041909197 0.7857974388824215 0.29685681024447036 0.25378346915017475
0 0.7080908032596043 0.510477299185099 0.25669383003492435 0.12223515715948778
3 0.22438882421420253 0.2951105937136205 0.21827706635622815 0.10593713620488937
3 0.11786961583236323 0.44935972060535506 0.22176949941792784 0.21187427240977882
8 0.48544819557625146 0.3277066356228172 0.19208381839348085 0.10128055878928986
8 0.7735739231664727 0.35681024447031434 0.13620488940628633 0.0756693830034924
8 0.770954598370198 0.42258440046565765 0.2287543655413272 0.058207217694994214
0 0.3824214202561118 0.48952270081490107 0.22351571594877767 0.09895227008149007
0 0.48108263411239527 0.5477296754859811 0.40686845168800945 0.06635622817229332
8 0.6932479627473808 0.3178114086146682 0.1466821885913852 0.05355064027939463
2 0.5081490104772992 0.5488940628637952 0.9778812572759024 0.8905704307334109
