8 0.4358974358974359 0.7455390613285351 0.07962213225371116 0.12595591542959966
8 0.024628879892037787 0.8640392519112453 0.049257759784075573 0.13366988424168738
8 0.04622132253711201 0.6717648822911982 0.08569500674763832 0.20152946468735947
8 0.2526990553306343 0.578797420902684 0.08569500674763834 0.09236767131503974
8 0.03812415654520917 0.4258509521667416 0.06950067476383265 0.14394961763382816
8 0.8168016194331983 0.3136902084270506 0.05735492577597839 0.11396011396011396
8 0.9291497975708503 0.2980956665167192 0.10256410256410248 0.12115759484180537
8 0.3286099865047234 0.4912280701754386 0.07557354925775975 0.14035087719298253
8 0.3738191632928475 0.4276503223871646 0.09581646423751686 0.16674164042585096
8 0.386302294197031 0.30349377717798776 0.0695006747638326 0.1007647323436797
8 0.5064102564102564 0.4354475933423302 0.09649122807017547 0.11995801469485677
8 0.597165991902834 0.5002249212775529 0.08097165991902834 0.14394961763382824
8 0.5816464237516868 0.6315789473684211 0.07557354925775968 0.12835507572349678
6 0.4848178137651821 0.6813615234667867 0.09109311740890697 0.19673114409956527
6 0.27631578947368424 0.7371420002998952 0.04385964912280699 0.0731743889638625
6 0.3640350877192982 0.7287449392712552 0.049257759784075573 0.05638026690658265
6 0.32557354925775983 0.6831608936872096 0.03576248313090421 0.06837606837606841
3 0.23313090418353574 0.7563352826510722 0.038461538461538464 0.10916179337231967
6 0.13765182186234817 0.9386714649872546 0.0418353576248313 0.06597690808217123
6 0.5371120107962213 0.9140800719748089 0.09851551956815122 0.086369770580297
7 0.7236842105263159 0.8331084120557806 0.13022941970310384 0.12115759484180529
8 0.20951417004048586 0.4126555705503075 0.18556005398110664 0.09596641175588544
8 0.1815114709851552 0.8834907782276205 0.07287449392712551 0.08756935072724545
8 0.305668016194332 0.34367971210076476 0.07557354925775986 0.1427500374868796
8 0.10020242914979757 0.2123256860098966 0.035762483130904174 0.06237816764132553
8 0.026990553306342778 0.1895336632178738 0.043184885290148446 0.07437396911081125
0 0.6794871794871795 0.2914979757085021 0.08771929824561404 0.09596641175588548
0 0.8427800269905532 0.5889938521517469 0.20782726045883934 0.25671015144699355
7 0.7729419703103914 0.4807733949611777 0.4541160593792173 0.2969793885128487
2 0.16936579903049065 0.6165841955315637 0.19703119320268164 0.38626480731743906
2 0.5016869095816464 0.5398110661268557 0.9925775978407557 0.897285949917529
