5 0.5198926400206959 0.8288707799767172 0.3192187297891605 0.23050058207217702
5 0.7503964558271892 0.8771827706635622 0.0922015263225974 0.10593713620488941
5 0.9176186780494114 0.6734575087310826 0.16476264390117706 0.11059371362048892
5 0.7019712844392706 0.5855646100116414 0.2711809597723452 0.10942956926658909
5 0.8982486094942439 0.5331781140861467 0.20350278101151204 0.20488940628637956
5 0.6911240460483766 0.3899883585564611 0.2386392445996637 0.2374854481955763
5 0.391662786185487 0.6140861466821886 0.36648169706376926 0.320139697322468
5 0.17471801836761092 0.7724097788125727 0.2982990557495796 0.36670547147846333
5 0.35447225455956544 0.32828870779976715 0.6128689690854999 0.2724097788125728
2 0.5082705988875954 0.5378346915017462 0.9716026387272021 0.9150174621653084
