8 0.07815090459215905 0.900847854970668 0.10293045970674607 0.17304422072882886
8 0.39361370239709376 0.8143257446062536 0.07815090459215902 0.1068802539795709
8 0.7024050815173319 0.7519789297848374 0.13914673256652704 0.1297831655466216
0 0.5070278200369343 0.7837885291835192 0.10674269895514399 0.10179071807578169
0 0.1734568858021091 0.5878413968876393 0.1601140484327161 0.15268607711367252
0 0.2773404053209546 0.6807254271317902 0.11627329707613906 0.09924595012388729
0 0.5889909638774913 0.5992928526711647 0.11436717745194003 0.09924595012388714
0 0.57660123907382 0.6934492873235513 0.09339986158575109 0.08397734241251996
0 0.5985215619984864 0.7939676009910973 0.08386926346475612 0.08652211036441429
0 0.40028514306246604 0.5713002621743047 0.09911822045834803 0.08906687831630897
0 0.5136992387216308 0.5649384853205884 0.10102434008254704 0.1272383975947271
0 0.4279238556326757 0.69472165086721 0.13914673256652704 0.12214886169093794
0 0.1782221848626066 0.8754001754517227 0.08577538308895505 0.14759654120988358
0 0.05051217004127352 0.6934492668912628 0.08577538308895503 0.21630527591103607
8 0.8062886010361774 0.6781806591798956 0.0991182204583481 0.06361919879736348
0 0.8234436776539684 0.5560317974889576 0.1334283736939301 0.15523084506556714
0 0.7004989618931329 0.6056547725509012 0.08196314384055711 0.14250700530609436
6 0.4326891546931732 0.49368498266754124 0.11055493820354208 0.1272383975947271
0 0.2916362673333657 0.5763898389426709 0.08768150271315406 0.11451455783525447
0 0.6175827582404763 0.5140431262826977 0.07624478496796001 0.09670118217199267
0 0.6985928422689338 0.4695096871245431 0.09721210083414902 0.12469362964283257
8 0.24970167077006913 0.9313850703934026 0.15248956993592006 0.10179071807578169
8 0.40314430931035905 0.9008479775643997 0.14677121106332308 0.06107443084546901
8 0.2840118240056511 0.8321391202695153 0.09911822045834807 0.0967011821719926
0 0.5480093919572128 0.43897247170180864 0.15439568956011912 0.13996223735419988
0 0.28401182400565117 0.3155512260349233 0.07624478496796006 0.08143257446062538
2 0.48701356398284473 0.6718187393001592 0.9473414532269036 0.6463710597812138
