3 0.7752378718842133 0.6475609756097562 0.086749530956848 0.1853658536585366
3 0.6874556084159742 0.575 0.09156894934333963 0.08902439024390241
3 0.5766089855266685 0.5402439024390243 0.09432290270704904 0.13414634146341464
3 0.481597594478692 0.5451219512195122 0.09845383275261327 0.09999999999999992
3 0.3604236464754757 0.5292682926829267 0.07642220584293753 0.1
3 0.29880393996247656 0.573780487804878 0.11015813454837843 0.1378048780487805
3 0.32221254355400697 0.45121951219512196 0.1652372018225677 0.09024390243902439
5 0.66370276065398 0.7817073170731708 0.4158469579201286 0.3317073170731707
5 0.16558144599303135 0.6396341463414634 0.17281057357276872 0.13048780487804876
6 0.2843456848030019 0.6365853658536585 0.07022581077459122 0.039024390243902474
0 0.5886575314928973 0.30853658536585366 0.08399557759313858 0.08292682926829265
6 0.4764339319217368 0.19268292682926827 0.04268627713749659 0.0926829268292683
2 0.5225626507638702 0.5176829268292683 0.8922808898418654 0.925609756097561
