0 0.701010865347303 0.8015133876600699 0.19917733798991072 0.30849825378346907
0 0.2489716724873884 0.7479627473806753 0.33299961195188205 0.23632130384167638
0 0.5255636398913466 0.6053550640279395 0.1221517268141249 0.13969732246798613
0 0.5703007947124334 0.7077998232535712 0.09025223127667821 0.1373690337601863
0 0.46332072176949946 0.6461001164144353 0.07391346526969343 0.14901047729918504
0 0.40068878540939074 0.6233993015133876 0.09803259604190913 0.140861466821886
0 0.31666084594489713 0.5372526193247963 0.1649437330228948 0.2689173457508731
0 0.22990977881257277 0.530267753201397 0.12215172681412496 0.19906868451688006
0 0.19723224679860302 0.4243306169965075 0.184394644935972 0.32246798603026766
0 0.6765027163368258 0.4336437718277067 0.19373108265424924 0.2060535506402794
2 0.43608944509119124 0.5791618160651921 0.7492491268917345 0.7159487776484285
