6 0.4956568927046953 0.5640279394644936 0.1216421711292201 0.16647264260768346
4 0.6669346623981375 0.5960419091967404 0.15100407450523876 0.14668218859138535
4 0.40127934613892124 0.8684516880093132 0.17477323438106324 0.12107101280558794
1 0.5390006548311991 0.8544819557625145 0.06291836437718266 0.0628637951105938
6 0.7354458121962744 0.960419110661551 0.08948397984462501 0.058207255083289014
6 0.8130511507073899 0.9743888242142026 0.051745006110161994 0.0512223515715948
6 0.9021794358750485 0.8370197904540163 0.0873866171905317 0.09080325960419103
0 0.48831641686069077 0.4557625145518044 0.056626527939464426 0.08032596041909194
0 0.6361745731470703 0.46041909196740394 0.05732562087698881 0.07566938300349242
0 0.45860496701591 0.359720605355064 0.03775101862630969 0.06984866123399293
0 0.541797026581296 0.28579743888242143 0.06711292200232818 0.09196740395809076
0 0.6232413538028716 0.2945285215366706 0.03565373981373682 0.04656577415599536
6 0.8749148113116028 0.5576251455180442 0.06221927143965857 0.07217694994179283
0 0.4998514503298409 0.39173457508731085 0.029361903376018645 0.04772991850989527
0 0.5687121046759799 0.3736903376018626 0.034255553938688406 0.06053550640279397
8 0.895538052968568 0.7497089639115251 0.12583672875436563 0.12339930151338777
8 0.7990632275902212 0.7444703143189756 0.10066938300349236 0.09662398137369038
8 0.699442483993015 0.7671711292200233 0.09437754656577411 0.0884749708963912
8 0.46105785666392857 0.9743888242142026 0.1335388798004996 0.0512223515715948
8 0.933988164532402 0.6280558789289873 0.07969659487776483 0.10360884749708965
8 0.5592743500194025 0.4511059371362049 0.06431655025223122 0.1012805587892899
8 0.5875876139891346 0.5646100116414435 0.052431970314318906 0.11874272409778804
8 0.7336980379317035 0.46216530849825377 0.1279340075669383 0.11641443538998829
8 0.7172693538998837 0.3777648428405122 0.06291836437718289 0.045401629802095445
8 0.4096684565522015 0.371362020852842 0.03775101862630969 0.04423748544819553
8 0.4369330859526582 0.4243306169965076 0.0363528327512612 0.04772991850989527
8 0.7382421420256112 0.2869615832363213 0.08808571012805601 0.043073341094295683
8 0.7011902163368259 0.320139697322468 0.08249296662786193 0.034924330616996534
8 0.6131045062087699 0.34982537834691496 0.04334376212650369 0.05704307334109423
8 0.6634391977105162 0.3556461001164144 0.04474194800155217 0.0570430733410943
8 0.6295331902405898 0.2549476135040745 0.07480294431509499 0.05122235157159491
8 0.6816156140861466 0.2910360884749709 0.019574602250679193 0.03725261932479622
8 0.8399601644353899 0.4924330616996508 0.06221927143965857 0.06984866123399293
2 0.6564482683352736 0.580908032596042 0.6529528036476523 0.8242142025611175
