0 0.476233268060474 0.739367948616507 0.09476479870343325 0.07201635863147786
0 0.26502019976383884 0.6625504994095971 0.057822589039383025 0.07201635863147793
0 0.03935151754680764 0.7741759709342192 0.03372984360630675 0.05041145104203451
0 0.5886660800814966 0.6829551343551824 0.06264113812599824 0.04561036046660277
0 0.6850370618138015 0.6901567702183303 0.10440189687666383 0.09842235679635337
0 0.7982729653492601 0.7129619504516316 0.09637098173230513 0.09602181150863714
0 0.924835411136578 0.6793543164236087 0.15032917772684398 0.10562399265950098
0 0.24574600341737782 0.7033597693007678 0.27626348096594106 0.12002726438579657
0 0.5204033013544471 0.6877562249306144 0.199166695580097 0.17523980600326305
2 0.5112432812021023 0.7405682212603647 0.9775134375957955 0.30006816096449124
