1 0.9308196805841743 0.8521536670547146 0.11958757161867624 0.10244470314318974
1 0.6755805351890891 0.9115250291036088 0.15885513244868932 0.08381839348079154
1 0.5667177815799914 0.9615832363213039 0.12318831635146381 0.07683352735739234
1 0.41500220564584983 0.9755529685681025 0.1588860989242029 0.048894062863795114
1 0.46228628431697244 0.9027939464493597 0.22489603020825683 0.06868451688009315
1 0.25613158995940366 0.9435389988358557 0.18384358024960687 0.10593713620488941
1 0.2998613777275472 0.7194412480984227 0.17134935634914805 0.07916181606519203
1 0.593475635271789 0.720605355064028 0.05533156298774578 0.06053550640279397
1 0.0829973444816186 0.7939464493597207 0.1588551324486894 0.10477299185098957
1 0.4970916223253932 0.670547147846333 0.2016924715359764 0.0442374854481956
1 0.06693334232388598 0.6838782136182152 0.13386668464777196 0.045514818398028185
1 0.20793961230197183 0.6647264447709805 0.19812269327870247 0.055878928987194376
1 0.548853407055865 0.6169965075669382 0.1624249107059633 0.03725261932479633
1 0.8094471786714807 0.6391150913907845 0.20526224979325036 0.06984866123399307
6 0.7219876525336499 0.7246798603026775 0.14457601941959367 0.10593713620488941
1 0.7094934286331913 0.529685681024447 0.18027380199233284 0.05122235157159487
1 0.7576854351063892 0.5756693830034925 0.15528535419141562 0.02211874272409773
6 0.3926756083001311 0.6012805587892899 0.12851201726186112 0.09429569266589062
1 0.0963840129463958 0.610593713620489 0.14636090854823064 0.045401629802095445
6 0.21954136282234601 0.6199068684516881 0.07853512166002624 0.036088474970896414
1 0.27933516921437423 0.5564609731229235 0.05890134124501966 0.07683352735739234
1 0.1285120893012763 0.5739232038609372 0.19276816997162205 0.032596116685785735
1 0.0526542292947903 0.5075669383003492 0.1053084585895806 0.04656577415599536
1 0.08478223361025555 0.5512223141833004 0.1624249107059633 0.04540162980209552
1 0.24809933365518055 0.42432758854465313 0.1249422390045871 0.033760186263096584
1 0.14725335311254914 0.4551804423748545 0.05890134124501966 0.04656577415599528
1 0.1891982476355177 0.487776512325272 0.20347736066461336 0.02328288707799764
1 0.2052622621428644 0.5186262348858092 0.13922135203368285 0.04074505238649592
1 0.4890596212465269 0.5145518044237485 0.1249422390045872 0.05122235157159487
1 0.3319894108587785 0.44644937841475263 0.07139556514547835 0.04074505238649592
1 0.5952608496069288 0.4563446334641224 0.09102940319201729 0.041909196740395824
1 0.8460374469739187 0.4342258440046566 0.09638401294639579 0.032596041909196745
1 0.5756267439854195 0.5750873108265425 0.180273801992333 0.05355064027939463
1 0.440867614773329 0.4138533178114086 0.07496534340275225 0.045401629802095445
1 0.5961529689647445 0.33119906868451693 0.14636090854823067 0.045401629802095514
1 0.5363591831554063 0.24388824214202562 0.07675023253138917 0.03143189755529683
1 0.3560853811630734 0.27706635622817233 0.11601779336140233 0.053550640279394664
1 0.4016000539433158 0.5529685681024448 0.16777957809187424 0.041909196740395845
1 0.34002137900534074 0.19266589057043074 0.04105244995865004 0.029103608847497072
1 0.5881209678858781 0.16298020954598372 0.0517617847304718 0.0349243306169965
1 0.6523769765168086 0.12863795110593712 0.04819200647319789 0.017462165308498267
1 0.4435449484662844 0.1420256111757858 0.05533156298774571 0.03492433061699652
2 0.49887651145403006 0.49999999999999994 0.9906134663935123 0.9697322467986029
