1 0.8897232418523737 0.6642498881950998 0.12089657638758368 0.15328843573733075
1 0.7952727915495739 0.6614112134592233 0.08311639626646382 0.15328843573733067
1 0.7641041429496499 0.7309587444881975 0.19078990961165546 0.2242553041342431
1 0.4958648640896986 0.867608378296006 0.20967999967221537 0.26478324340798776
1 0.6866547737013542 0.8814085054896518 0.1530097294905356 0.15044976100145419
1 0.34379963910219113 0.88282784285759 0.10200648632702372 0.19302988203960156
1 0.19929045013890748 0.8487637460270718 0.23990414376911137 0.1362563873220718
1 0.07650486474526778 0.767861516054592 0.13789765744208762 0.14477241152970122
1 0.1114515313573037 0.6145730803172611 0.1889009006055995 0.23561000307774912
1 0.27862882839325925 0.5876056703264345 0.17567783756320754 0.27819012411589655
1 0.5260890081865945 0.6358631408363348 0.2852403599144553 0.27819012411589644
1 0.8674122516778909 0.5208968140333369 0.2651754966442181 0.37186639039982083
