6 0.5486173999388169 0.9082734139079568 0.14979314674097388 0.18345317218408638
0 0.7059002040168394 0.46887649878491916 0.11983451739277896 0.2360330674155376
0 0.5682777504485698 0.48163504296954274 0.10672761705294398 0.19137816276935468
0 0.64598294532045 0.3731874174002418 0.0674069160334382 0.15310253021548384
0 0.10298278838441954 0.7144782950687678 0.20596557676883911 0.21689525113860214
0 0.9315261312954314 0.23284343136938163 0.13668624640113877 0.1722403464924193
0 0.4194208108747269 0.4114630499541127 0.16851729008359562 0.11482689766161286
8 0.5532984357744724 0.6554702074850399 0.11796210305851701 0.11163726161545696
8 0.819181271239701 0.22805897730014776 0.07676898770474921 0.09249944533852147
2 0.5093620587161116 0.5303008765778993 0.9700413706518052 0.7735358407229301
