7 0.31587116802483506 0.11233993015133877 0.37407838571982927 0.1478463329452852
5 0.822662010089251 0.11990686845168802 0.04346138921226227 0.13504074505238653
1 0.7582460225067907 0.11292200232828872 0.051222351571594944 0.13969732246798602
5 0.239813736903376 0.29627473806752036 0.40201785021342645 0.22002328288707798
5 0.29103608847497087 0.4348079161816065 0.09468374078385718 0.05238649592549478
5 0.3461389212262321 0.5454016298020954 0.09934031819945673 0.08963911525029104
1 0.8063639891346526 0.9155995343422585 0.11951882033372144 0.13620488940628633
1 0.646488164532402 0.9342258440046565 0.1691889794334498 0.1268917345750873
1 0.47964093848906797 0.9458672875436553 0.1987075657635453 0.10826542491268924
1 0.6759798214978657 0.8399301513387659 0.22196352347691095 0.1012805587892899
1 0.4276290259992239 0.8509895227008148 0.3213038416763679 0.13271245634458664
1 0.41909196740395815 0.7630966239813737 0.26076833527357396 0.09662398137369038
1 0.7272021730694607 0.59953434225844 0.15366705471478453 0.1490104772991851
6 0.8723321691889794 0.4580908032596042 0.20178502134264661 0.17345750873108273
6 0.8304229939277644 0.5913853317811408 0.12107105576394867 0.10477299185098957
6 0.5587892898719441 0.43888242142025613 0.07140085370585943 0.08614668218859137
1 0.7520372526193247 0.2852153667054715 0.38339154055102836 0.18626309662398136
1 0.5176561893674816 0.6012805587892899 0.30888630190143584 0.35739231664726423
1 0.26852929763290645 0.5692665890570431 0.0993403181994567 0.13504074505238647
2 0.5060147458284827 0.5011641443538999 0.9530461777260381 0.9767171129220023
