0 0.4372835419091968 0.739813736903376 0.06524301513387655 0.16647264260768338
0 0.3390306679278231 0.7986030267753201 0.10485484575087313 0.11175785797438877
0 0.25670019644935976 0.7433061699650757 0.11883549185098953 0.09429569266589055
0 0.3666036088474971 0.710128055878929 0.08699068684516881 0.07683352735739234
0 0.16388424039580912 0.7951105937136205 0.08233047147846331 0.09313154831199072
0 0.08932079452852155 0.6920838183934808 0.1429132712456345 0.14784633294528518
0 0.2621371143771828 0.6164144353899884 0.2011659633294529 0.17345750873108265
0 0.42446794965075685 0.570430733410943 0.15922402502910366 0.1653084982537834
0 0.2908751091385332 0.5087310826542492 0.11417527648428404 0.12107101280558802
0 0.13708807996011188 0.49243332341771234 0.1157287478857329 0.13271299847485715
0 0.3767007421420257 0.3271245634458673 0.07767025611175789 0.08149010477299186
0 0.5398082799767172 0.3899883585564611 0.06213620488940627 0.0884749708963912
0 0.4271864086146682 0.41618160651920844 0.06524301513387662 0.0849825378346916
0 0.10873835855646102 0.6222351571594879 0.0916509022118743 0.13620488940628647
6 0.16116578143189755 0.29569266589057047 0.04893226135040745 0.0791618160651921
6 0.10174803550640281 0.3422584400465658 0.07301004074505238 0.0349243306169965
0 0.052427422875436565 0.4266589057043073 0.09398100989522704 0.14551804423748543
0 0.5196140133876601 0.6187427240977881 0.05902939464493599 0.08265424912689177
0 0.5390315595022986 0.7281723681409662 0.06990323050058202 0.05238649592549493
2 0.3370889115250291 0.5564610011641444 0.6741778230500582 0.6565774155995345
