0 0.5571564803721354 0.9406286379511059 0.24258721936164804 0.11874272409778812
0 0.6441683592460811 0.8469150174621654 0.23333295021107298 0.2502910360884749
0 0.6075897614407149 0.6734575087310827 0.14631439122146503 0.1501746216530851
0 0.5944984738051101 0.5861466821885913 0.08778863473287891 0.0919674039580908
0 0.44086826622803826 0.5733409727837357 0.17326717188733887 0.12922002328288712
0 0.4015945001157577 0.40512223515715945 0.07315719561073245 0.11175785797438884
8 0.18866855710136263 0.9243306169965075 0.12167196743679715 0.12572759022118746
8 0.46512574893560427 0.770663562281723 0.07546742284054503 0.07450523864959252
0 0.21947158683219734 0.6821885913853317 0.16633636054650744 0.12107101280558794
8 0.7700757432708681 0.7566938300349244 0.1617159060868822 0.15366705471478453
0 0.4701312412668649 0.6903376018626309 0.157865527370528 0.09313154831199072
0 0.38734809886524657 0.7881257275902211 0.10627045257137972 0.07916181606519203
0 0.3134208275112433 0.4563445867287544 0.08008787730017027 0.09080325960419096
2 0.4851543983763092 0.6653084982537834 0.7423663767444415 0.6693830034924331
