0 0.8873144399460189 0.8258526141826924 0.2253711201079622 0.3465620284853426
0 0.7965587044534413 0.5985904933273355 0.12753036437246962 0.12235717498875402
0 0.9355600539811065 0.6693074050059044 0.12887989203778688 0.2613918380519943
0 0.673076923076923 0.5991902834008098 0.09514170040485843 0.12835507572349683
0 0.8248987854251013 0.4600389863547758 0.10728744939271237 0.1547458389563652
0 0.7037786774628878 0.5068226120857701 0.10526315789473685 0.11156095366621685
0 0.6815114709851552 0.377867746288799 0.11605937921727395 0.12955465587044535
0 0.6140350877192983 0.32088768930874195 0.10661268556005396 0.0899685110211426
0 0.5512820512820512 0.24231518968361077 0.08367071524966263 0.10316389263757685
8 0.5067476383265856 0.24651372019793072 0.037786774628879985 0.07557354925775979
8 0.40823211875843457 0.17873744189533666 0.0364372469635628 0.03358824411455991
8 0.5671390013495277 0.5518068675963413 0.08974358974358963 0.13675213675213668
0 0.6201079622132254 0.4462438146648674 0.07287449392712546 0.11755885440095973
2 0.6437246963562754 0.578797420902684 0.6977058029689609 0.836107362423152
