0 0.09238649592549475 0.5855646100116414 0.07073341094295692 0.06053550640279397
0 0.028149010477299185 0.5692665890570431 0.05052386495925495 0.06053550640279397
0 0.08083818393480792 0.6711292200232829 0.05052386495925494 0.05238649592549478
0 0.3818160651920838 0.5291036088474971 0.06495925494761351 0.06868451688009315
0 0.4370314318975553 0.6315483119906868 0.06712456344586727 0.0663562281722934
0 0.34753201396973227 0.610011641443539 0.04402793946449364 0.069848661233993
0 0.36593713620488943 0.7694994179278232 0.05918509895227011 0.07450523864959266
0 0.3875902211874272 0.8160651920838184 0.06495925494761351 0.10011641443538992
0 0.3915599534342259 0.9470314318975553 0.04835855646100121 0.07566938300349235
0 0.27571594877764843 0.8195576251455179 0.06207217694994181 0.13038416763678684
0 0.590407450523865 0.7945285215366705 0.07362048894062859 0.14784633294528532
0 0.6030384167636786 0.6280558789289872 0.18693830034924333 0.1315483119906869
0 0.7755413271245634 0.5913853317811408 0.17105937136204885 0.15599534342258436
0 0.8094644686276586 0.8509896816010664 0.13064027939464495 0.10011641443538992
4 0.21328914815527458 0.8958090803259604 0.4193606013163699 0.20838183934807916
2 0.500908032596042 0.749126891734575 0.9960419091967405 0.4877764842840511
