6 0.23829415698610454 0.7386495925494763 0.0920986798107646 0.11525029103608844
8 0.03084858692690659 0.5150772823027321 0.06169717385381318 0.09906545867742295
8 0.27853144428206966 0.6199068684516881 0.08852203205112325 0.0593713620488942
8 0.38985462642320484 0.42665895243967555 0.09299284175067499 0.08731082654249128
8 0.2959676021103212 0.3830034924330617 0.10014613726995762 0.058207217694994144
3 0.22711713273722534 0.42840512223515714 0.06616798355336485 0.09545983701979047
6 0.111770242488792 0.5867287543655414 0.07510960295246821 0.05587892898719453
8 0.11355856636861268 0.5215366705471478 0.06974463131300622 0.08149010477299186
3 0.2029747603596463 0.5622817229336438 0.0894161939910336 0.1280558789289872
3 0.8704666361293332 0.5331781421273676 0.15826666336412942 0.15366705471478467
1 0.9665890570430732 0.5378346915017462 0.05901468803408221 0.09778812572759016
1 0.40952616847893386 0.6868451688009313 0.15379585366457774 0.06984866123399314
6 0.1645257969435018 0.7217694994179279 0.05007306863497881 0.09080325960419089
6 0.4716704233027022 0.6169965075669382 0.05275555445470985 0.0256111757857974
7 0.3759950957322962 0.6129220023282886 0.11355856636861265 0.05238649592549478
0 0.5883585564610011 0.3783469150174622 0.09120451787085422 0.14202561117578574
0 0.7242711713273721 0.49883585564610017 0.11087608054888165 0.1874272409778812
0 0.8181581750179575 0.4039580908032596 0.17167909246278457 0.14668218859138535
0 0.659891511653828 0.5977881257275902 0.08762787011121283 0.15715948777648436
0 0.5606395363237806 0.6036088474970895 0.0858395462313922 0.11059371362048885
6 0.4797179013841937 0.5064027939464493 0.09031039717554075 0.1746216530849824
6 0.3393344561959725 0.5547147846332945 0.09567532757040595 0.08731082654249121
5 0.2906026088174458 0.5145517950766749 0.06616800623789304 0.15366705471478465
5 0.6934225844004654 0.3771827706635622 0.1028286230896886 0.06984866123399307
5 0.3652651524533722 0.4883585564610011 0.036660639536323744 0.03143189755529683
5 0.41757362593812686 0.5040745052386496 0.03397815371659277 0.03725261932479626
2 0.49983652440987775 0.5599534342258441 0.9889431055408315 0.48428405122235163
