0 0.2734036784517327 0.8621618643239825 0.23868575102929043 0.18516227958635853
0 0.6726598438098186 0.8390165793756875 0.19094860082343254 0.254598134431243
0 0.359113561775887 0.5786321237073707 0.08462494809220296 0.10994010350440042
0 0.5424676159756602 0.6567474604078657 0.0824550776283003 0.1678033158751375
0 0.4589276031154085 0.6567474604078657 0.08462494809220303 0.17358963711221115
0 0.3330751162090553 0.4802646626771177 0.11934287551464522 0.10994010350440042
0 0.3949164244302806 0.444100154945407 0.08245507762830037 0.07811533670049506
0 0.48930578961004545 0.5742923827795655 0.09330442994781357 0.10126062164878988
0 0.606478794660788 0.6220295329854236 0.10198391180342398 0.16780331587513742
0 0.5055798180893152 0.494730465769802 0.09113455948391092 0.1272990672156216
0 0.6411967220832304 0.5251086522644389 0.15840054386489286 0.10704694288586353
0 0.7203969940156767 0.64372823762445 0.09113455948391092 0.08390165793756879
0 0.5251086522644389 0.42963435185272275 0.1735896371122113 0.1070469428858636
0 0.7909177840925125 0.7941725897883662 0.08028520716439771 0.11283326412293732
0 0.5609115149188325 0.9426535746361386 0.11500313458683997 0.11469285072772266
8 0.40468084151784245 0.8693947658703246 0.08462494809220303 0.08968797917464244
2 0.5609114323457234 0.6755530044283562 0.7833234026150722 0.6336021754595718
