8 0.335151700577502 0.9167636786961583 0.23460619040425137 0.09196740395809087
8 0.2490786502019162 0.4772991850989523 0.13558409705180757 0.1327124563445868
3 0.23765307323482812 0.611175935350617 0.16757585028875094 0.16065192083818391
3 0.5301490536407758 0.6350407450523865 0.25898085953716055 0.24563445867287526
3 0.7479976590161519 0.6169965075669382 0.19195051942166017 0.13271245634458673
3 0.7091505300855779 0.4691501746216531 0.18128660167601246 0.12572759022118746
3 0.7822745374843055 0.7735739231664727 0.16909926710955786 0.15483119906868453
3 0.12720530453737006 0.509895227008149 0.12949042976858027 0.19091967403958093
4 0.8854244556641271 0.35273573923166474 0.22915108867174566 0.19324796274738062
5 0.8416877934957718 0.12863795110593712 0.13558409705180766 0.11757857974388827
6 0.4547399210108378 0.18859138533178116 0.38542445566412725 0.10942956926658909
3 0.48444654901657097 0.07217694994179279 0.23155935676263767 0.13736903376018625
1 0.37933078838089984 0.08323632130384168 0.08531134196518231 0.0989522700814901
1 0.34810074355435994 0.7660069848661234 0.10206892699405738 0.10477299185098943
6 0.20566127080892163 0.7374854481955763 0.12796701294777343 0.0756693830034925
1 0.31915582395903025 0.37077997671711294 0.10206892699405742 0.09429569266589055
8 0.6436436243583715 0.36204889406286367 0.04417910888438203 0.02328288707799764
8 0.5941325601146624 0.37252619324796277 0.02437466913290933 0.032596041909196745
5 0.5034892592766563 0.44121071012805585 0.06855375693630712 0.0442374854481956
8 0.6626863170509697 0.3236321303841676 0.09749867653163698 0.04889406286379508
2 0.5004424888779953 0.49010474495063017 0.9826039759063085 0.9383002931608645
