0 0.4861764024507689 0.9025276225785855 0.1120222125462601 0.09704598092242861
0 0.5388268423475111 0.8378303019636332 0.10081999129163406 0.11645517710691422
0 0.609400836251655 0.8491523330712498 0.07169421602960639 0.11969004313766192
0 0.8715328136099035 0.8426826010097546 0.10306043554255936 0.08734138283018567
0 0.7236634930488403 0.8281257038713903 0.1120222125462601 0.16174330153738098
0 0.3170228615059161 0.7715155483333069 0.10530087979348444 0.12615977519915716
0 0.4357664068049518 0.7310797229489617 0.14114798780828777 0.14880383741439063
0 0.5925980210894256 0.7472531440413966 0.1008199912916341 0.06469732061495236
0 0.5920039320415226 0.6449590722921984 0.13131723583466495 0.0932470947892336
8 0.6711171847779807 0.6892514423170844 0.052742168490972005 0.04817766564110386
0 0.9272934317341304 0.7739508867506381 0.1022552246253538 0.09013885829625906
2 0.6199895724653036 0.757632645162522 0.7556122914420889 0.36832602441747236
