1 0.11751746216530849 0.4423748544819557 0.08412689173457508 0.23050058207217694
1 0.22636204889406286 0.4947613504074505 0.090197904540163 0.3911525029103609
1 0.3464813736903376 0.4761350407450524 0.10841094295692663 0.39813736903376024
1 0.49348661233993013 0.49767171129220017 0.11274738067520368 0.46682188591385326
1 0.5992956926658906 0.49126891734575084 0.05897555296856808 0.3213038416763678
1 0.6734487776484284 0.6525029103608847 0.07892316647264266 0.1315483119906869
1 0.7046711292200232 0.4464493597206054 0.11014551804423761 0.18044237485448192
6 0.8612165308498254 0.8521536670547146 0.1144819557625145 0.1606519208381839
6 0.5949592549476135 0.8399301513387659 0.3833410942956926 0.17345750873108273
6 0.21725552968568101 0.7857974388824215 0.23156577415599533 0.21420256111757852
6 0.8495081490104772 0.46565774155995343 0.16565192083818403 0.2677532013969733
