6 0.24014173457508728 0.8329452852153668 0.09078055878928985 0.08032596041909201
0 0.5419676574150104 0.8125727964104134 0.06595168800931318 0.08149010477299184
0 0.38872699562262075 0.88183939481453 0.09466006984866127 0.07334109429569267
0 0.3786402793946449 0.820139697322468 0.05741676367869616 0.05937136204889427
0 0.4360570430733411 0.8457508731082655 0.05120954598370197 0.07101280558789284
0 0.7429263642906473 0.9365540205475728 0.10629860302677542 0.07334109429569267
0 0.9186682188591385 0.9173457508731083 0.12104074505238657 0.09080325960419089
0 0.7468058789289871 0.8655413271245636 0.15750814901047733 0.09895227008149021
0 0.6273169383003492 0.8381839348079163 0.08612514551804437 0.08381839348079169
0 0.5710640279394644 0.7392316647264261 0.05896856810244465 0.06519208381839349
0 0.6063675785797439 0.7776484284051222 0.08146973224679868 0.03492433061699657
0 0.7782299185098952 0.7852153667054713 0.0775902211874272 0.054714784633294614
0 0.8542683352735739 0.8038416763678697 0.05896856810244458 0.052386495925494644
0 0.6284807916181606 0.9208381839348079 0.06672759022118747 0.06053550640279397
8 0.2987290822296675 0.9848661233993016 0.03570496306236191 0.030267753201396914
8 0.13112747380675205 0.9615832363213039 0.06672759022118743 0.05355064027939463
8 0.24052968568102442 0.9336437718277065 0.08224563445867286 0.039580908032595945
8 0.47174854481955764 0.9377182770663564 0.04500232828870779 0.052386495925494644
8 0.5679604190919674 0.9243306169965076 0.05276135040745047 0.09080325960419089
8 0.6536979892957627 0.9784633294528521 0.048881839348079124 0.04307334109429561
8 0.8697863795110592 0.8550640279394645 0.03724330616996511 0.036088474970896414
2 0.5190853104019608 0.8672875436554134 0.9512695730740032 0.26542491268917345
