4 0.1846783831455377 0.8928987194412108 0.3232881787862248 0.21420256111757865
8 0.357825839154055 0.6781140861466822 0.20095435584012417 0.13387660069848664
8 0.4142201445479239 0.831199068684517 0.13741147652308883 0.1885913853317811
0 0.5254202502164742 0.6594880428758819 0.17553738913351707 0.13853363612069464
0 0.6568745149398525 0.589639115250291 0.1350286185486999 0.11990686845168817
8 0.0853857440822662 0.7112922002328288 0.07863431315483119 0.09313154831199057
0 0.48372016880093127 0.49301513387660073 0.18586292200232818 0.17345750873108273
0 0.34948583624369417 0.4819557625145518 0.10643432285603417 0.18626309662398136
0 0.2486115153279006 0.4679860302677532 0.0937257469926271 0.1140861466821886
8 0.21445721769499415 0.6682188591385332 0.1652114862242918 0.23282887077997672
8 0.6199402163368257 0.7363213038416764 0.2724400950717889 0.1781140861466821
2 0.4702173069460613 0.6816065192083818 0.8562402987970508 0.5599534342258439
