3 0.4614431752037253 0.8317811408614668 0.1418036961583236 0.24796274738067509
3 0.5974352444703145 0.7863795110593713 0.06199068684516881 0.24563445867287556
3 0.7094059225844005 0.7497089639115251 0.15730136786961588 0.2537834691501747
3 0.2746962310826543 0.7863795110593713 0.15420183352735736 0.27823050058207216
3 0.2297529831199069 0.5436554132712456 0.14800276484284056 0.1885913853317812
3 0.5009622380675204 0.44935972060535506 0.21619252037252623 0.23981373690337604
3 0.23982646973224683 0.4016298020954598 0.12010695576251457 0.15832363213038414
3 0.36032086728754364 0.569848661233993 0.1053841676367869 0.18277066356228175
3 0.8477226426076834 0.7514551804423749 0.1720241559953435 0.1897555296856811
3 0.7109556897555297 0.5558789289871945 0.13715439464493598 0.16880093131548313
3 0.5063864749933861 0.6600697832317186 0.13715439464493592 0.23981373690337598
6 0.17279903958090806 0.8195576251455181 0.049592549476135075 0.15366705471478467
1 0.40952597497089643 0.3422584400465658 0.06121580325960416 0.12572759022118749
1 0.6171947759022121 0.13736903376018628 0.08601207799767174 0.044237485448195585
8 0.3541217986030268 0.4243306169965076 0.0790381257275902 0.14318975552968566
2 0.5226589784633294 0.5494761350407451 0.8825924039580909 0.7264260768335273
