8 0.8380566801619431 0.875770959503017 0.16194331983805668 0.12842819062914757
8 0.3620107962213225 0.7985774193908165 0.12348178137651825 0.07241163939728523
8 0.23076923076923073 0.8060918347999687 0.047233468286099874 0.09837052899253848
8 0.9247638326585695 0.6776636441708211 0.1504723346828611 0.2595888959525323
0 0.7982456140350876 0.6926924749891257 0.09581646423751679 0.2022060873735515
8 0.6319163292847503 0.7896967466345456 0.06680161943319839 0.07651041143864105
8 0.7182860998650472 0.7869642319403084 0.06410256410256408 0.07377789674440394
0 0.5364372469635628 0.6708323574352281 0.05937921727395413 0.15575333757151938
0 0.2489878542510121 0.6523878832491272 0.12955465587044532 0.16804965369558672
1 0.48520483795727076 0.8003227590955697 0.05996226244616963 0.0594667065581848
8 0.5353773432693717 0.7928894207757966 0.06975201958023818 0.08424450095742841
0 0.4154528183770324 0.3654724673888438 0.20191374089016315 0.15610010471523503
0 0.6510188494155561 0.3729058057086169 0.22026953551654152 0.1263667514361426
2 0.5500619789704746 0.6008615141816585 0.8994339366925446 0.7111226992582926
