0 0.6009367507310771 0.6693824987504555 0.21958047806657777 0.25145518044237414
0 0.900434516880093 0.5942956926658906 0.06439988358556477 0.13853317811408608
0 0.38135593713620497 0.6693830034924331 0.15130093131548314 0.16065192083818403
0 0.1970791671845179 0.4965075482441531 0.041898719441210694 0.05005820721769496
0 0.2157008149010477 0.4668218859138533 0.04034691501746213 0.03725261932479626
8 0.23742607683352732 0.5122235157159488 0.03103608847497089 0.032596041909196745
8 0.8965550058207217 0.719441210710128 0.09233236321303835 0.09778812572759023
8 0.4294618742724097 0.549476135040745 0.10164318975552966 0.02793946449359723
8 0.20716589057043072 0.550640279394645 0.04965774155995344 0.02793946449359723
8 0.7359432479627473 0.5058207217694993 0.16061175785797446 0.043073341094295683
0 0.7813335273573924 0.7031431897555297 0.1179371362048893 0.12572759022118746
0 0.2727296632634912 0.46798612841202614 0.03181200858168775 0.04190931825235275
8 0.49618946449359713 0.509313154831199 0.056640861466821874 0.0477299185098952
8 0.5788230500582071 0.5145518044237485 0.09155646100116421 0.0442374854481956
0 0.4395486030267753 0.46041909196740394 0.14199010477299176 0.05005820721769503
2 0.58263358556461 0.689755529685681 0.83473282887078 0.5273573923166472
