3 0.643383779588669 0.6752037252619325 0.11331005044625535 0.11641443538998843
3 0.930733410942957 0.750873108265425 0.13853317811408616 0.16065192083818403
3 0.6294140473418705 0.6071012805587893 0.15056266977105173 0.13620488940628647
6 0.3981373690337602 0.6635622817229335 0.14745828482731865 0.10710128055878919
7 0.31121459060923556 0.6868451688009313 0.08537058595265816 0.06984866123399314
3 0.16453240201785022 0.6618160651920837 0.11486224291812185 0.06635622817229332
6 0.15366705471478465 0.5157159487776484 0.136592937524253 0.04656577415599536
8 0.07450530129720254 0.6030267753201395 0.13348867787573995 0.10011641443538996
8 0.29026009784500745 0.4860288656921579 0.1241756232807169 0.05704047485462715
8 0.5487000388048118 0.5256111757857974 0.11951882033372137 0.08963911525029111
8 0.4245246410554909 0.47846332945285214 0.09157935584012421 0.0768335273573922
8 0.24447031431897556 0.6001164144353901 0.1660845944897167 0.09196740395809094
8 0.4214202561117578 0.5750873108265425 0.2002328288707799 0.10011641443538999
8 0.8024835079549864 0.6746216530849826 0.18626309662398144 0.1315483119906869
2 0.4912689173457509 0.6542491268917345 0.9608071400853706 0.4307334109429569
