0 0.860011641443539 0.8160651920838184 0.07159487776484298 0.10710128055878926
0 0.5583527357392317 0.789289871944121 0.11088474970896385 0.06519208381839349
0 0.4252037252619325 0.7747380675203727 0.06635622817229332 0.04772991850989527
0 0.210419091967404 0.8608847497089639 0.0960419091967404 0.08032596041909201
0 0.12878346915017463 0.8358556461001164 0.07596041909196737 0.09313154831199086
0 0.08643771827706637 0.8795110593713621 0.09429569266589058 0.08032596041909187
0 0.042345750873108275 0.7811408614668218 0.07770663562281724 0.0768335273573922
0 0.24970896391152508 0.7485448195576252 0.08905704307334109 0.06519208381839349
0 0.38285797438882424 0.7334109429569267 0.06897555296856808 0.0675203725261933
0 0.3077706635622818 0.7246798603026775 0.04103608847497089 0.06635622817229332
0 0.8940628637951107 0.7118742724097789 0.0750873108265425 0.0500582072176951
6 0.1689464493597206 0.6525029103608847 0.056752037252619354 0.054714784633294614
6 0.12354481955762514 0.6845168800931316 0.0811990686845169 0.041909196740395914
6 0.16720023282887075 0.6117578579743889 0.05151338766006985 0.04772991850989527
0 0.47453434225844005 0.7264260768335273 0.07945285215366703 0.0442374854481956
0 0.32523282887078 0.6373690337601863 0.05849825378346914 0.038416763678696245
0 0.7002328288707801 0.6728754365541327 0.050640279394644806 0.0628637951105938
0 0.5408905704307334 0.660651920838184 0.03754365541327118 0.04074505238649593
0 0.5692665890570432 0.720605355064028 0.07159487776484283 0.0442374854481956
0 0.7657159487776485 0.649592549476135 0.05937136204889398 0.04423748544819567
0 0.46623981373690343 0.6513387660069848 0.07159487776484283 0.04307334109429575
0 0.4033760186263097 0.6955762514551804 0.11175785797438877 0.05005820721769496
0 0.9531431897555297 0.8096623981373691 0.09371362048894057 0.07101280558789284
8 0.1139406286379511 0.7578579743888241 0.07246798603026773 0.06519208381839349
8 0.7818684516880094 0.7136204889406287 0.0916763678696158 0.0768335273573922
0 0.6238358556461001 0.6792782305005821 0.08469150174621654 0.07799767171129218
0 0.9233119906868452 0.6536670547147847 0.04976717112922003 0.036088474970896414
6 0.3365832363213039 0.670547147846333 0.03928987194412109 0.0256111757857974
2 0.5107683352735739 0.7590221187427241 0.9569266589057043 0.4353899883585565
