8 0.90898094744361 0.22308051678742358 0.18203810511277993 0.31018814715203663
8 0.12747458102138495 0.6267500233551426 0.24963772116687885 0.4801542551805498
8 0.171293968247486 0.32506018160453154 0.209801914597696 0.18271356613065173
6 0.5430948295598587 0.8094635894857941 0.1619989467146766 0.22520509313777992
6 0.37711230218826375 0.7032347719679735 0.1221631401454939 0.20820848233492867
6 0.8657648627702393 0.8115881658361507 0.15403178540084014 0.11897627561995933
0 0.6546350879535706 0.6309991760558553 0.26822776423249733 0.3016898417506109
0 0.3718008613123727 0.5502652747423116 0.20183475328385947 0.199710176933503
2 0.9229842175488558 0.5268968795588697 0.15403156490228778 0.16996610802851314
2 0.5013278602189728 0.5630127328444501 0.9973442795620545 0.7266051118218941
