0 0.7829623899679351 0.6757857974388826 0.07603445458815841 0.10360884749708965
0 0.6255999428139616 0.6647264260768337 0.14436921757245272 0.1233993015133877
0 0.6944159365234974 0.5791618160651921 0.14148183322100358 0.09662398137369031
0 0.4244454996630108 0.6303841676367871 0.11934521985989413 0.13387660069848664
0 0.8623654596327839 0.650174621653085 0.1366695259685885 0.1408614668218859
0 0.5442719502481466 0.2729918509895227 0.14725660192390172 0.09662398137369035
0 0.07699691603864142 0.5424912689173458 0.08854645344443764 0.09313154831199072
0 0.17468675326266772 0.5168800931315484 0.12415752711230929 0.10477299185098964
0 0.2767076670138676 0.5162980209545984 0.10490829810264896 0.2153667054714785
0 0.5038485693278598 0.5221187427240979 0.19152982864612056 0.16647264260768338
0 0.597688560749954 0.4935972060535507 0.10779568245409805 0.09313154831199064
0 0.3729538120621694 0.4633294528521537 0.0837341461920225 0.09545983701979047
2 0.48315564814247497 0.5331781140861467 0.9528368359781877 0.5564610011641445
