0 0.5169715842210805 0.7878512195051761 0.09266471792642016 0.12371217496362277
0 0.5962243035002556 0.7845956359535019 0.09022617271783012 0.07813400524018277
0 0.5767159418315356 0.6901837129549477 0.0755949014662901 0.07813400524018277
0 0.27311706336208025 0.6722780034207392 0.12192726042950007 0.11394542430859993
0 0.5047788581781305 0.556704787336302 0.10241889876078013 0.11068984075692555
0 0.5876893952701906 0.5876328310772078 0.10729598917796011 0.08138958879185701
0 0.1780138002270702 0.5599603708879765 0.12192726042950014 0.09766750655022846
0 0.13533925907674513 0.6348387925764849 0.09998035355219008 0.10417867365357708
0 0.06584072063193007 0.7439008415575734 0.1024188987607801 0.12696775851529693
0 0.032920360315965035 0.636466584352322 0.06096363021475006 0.126967758515297
0 0.1755752550184802 0.8594740576420102 0.0975418083436001 0.09115633944687986
0 0.6303639364205157 0.5078710340611878 0.07071781104911004 0.09766750655022839
0 0.3791937799357454 0.5697271215429993 0.09510326313501011 0.13022334206697125
6 0.4267454115032504 0.5160099929403735 0.09266471792642009 0.13999009272199403
0 0.8120355544604707 0.5469380366812793 0.10729598917796011 0.18882384599710833
0 0.7071781104911007 0.6218164583697877 0.11217307959514017 0.15626801048036554
8 0.3877286881658104 0.8025013454877103 0.1121730795951401 0.11394542430859972
8 0.2938446976350953 0.8366849727802904 0.10973453438655004 0.10417867365357708
8 0.25117015648477026 0.9473748135372159 0.17069816460130022 0.09115633944688
8 0.06584072063193007 0.8936576849345902 0.1024188987607801 0.15301242692869124
0 0.28652906200932526 0.29300251965068536 0.21703052356451022 0.13022334206697128
2 0.4389381375462004 0.6071663323872535 0.8534908230065008 0.7780844688501531
