0 0.16714496581069993 0.7933149123552624 0.3243111276924029 0.29188001492316246
0 0.4914560935031028 0.6754402909439853 0.36422634340839094 0.1983287280888156
0 0.8157672211955057 0.5519525923226473 0.3442687355503968 0.12348769862133807
0 0.7509049956570252 0.43782002238474393 0.2644383041184208 0.1421979559882074
0 0.7533996966392743 0.28813796344978876 0.2594489021539223 0.15716616188170296
0 0.5438448141303371 0.37420514733738797 0.13970325500595807 0.11226154420121634
0 0.33428993162139986 0.46775643417173496 0.1796184707219462 0.1347138530414596
8 0.5263819072545924 0.5182741290622823 0.12473504911246266 0.09355128683434706
8 0.09729333830772084 0.5313713092190909 0.1746290687574477 0.1721343677751984
2 0.4714984856451087 0.5687918239528297 0.8831241477162354 0.7933149123552624
