8 0.10559233449477354 0.7176829268292683 0.07130910900945744 0.052439024390243956
8 0.41345569935291193 0.6823170731707318 0.15358885017421606 0.05
1 0.4847648083623693 0.7902439024390243 0.11107765057242397 0.07317073170731703
6 0.6256688651070185 0.7201219512195123 0.13644723743155793 0.10609756097560961
6 0.19370022399203585 0.38170731707317074 0.13233325037332005 0.1804878048780488
6 0.2434109009457442 0.05975609756097561 0.05211050273768041 0.10731707317073172
6 0.1947287207565953 0.1 0.038397212543554 0.10487804878048781
6 0.1621596565455451 0.13414634146341464 0.04319686411149828 0.12926829268292683
8 0.06479529616724738 0.4359756097560975 0.05279616724738676 0.11341463414634141
8 0.12993342458934795 0.5707317073170732 0.10079268292682927 0.09999999999999992
8 0.05862431557989049 0.573170731707317 0.0569101543056247 0.08292682926829265
8 0.4312829766052763 0.44756097560975605 0.06445246391239422 0.08048780487804884
8 0.5200765306122449 0.46890243902439027 0.04593952215032353 0.06463414634146346
8 0.564987555998009 0.43292682926829273 0.0562244897959183 0.05853658536585364
8 0.9222187655550026 0.5182926829268293 0.09462170233947234 0.09268292682926826
8 0.9617950472872075 0.3664634146341463 0.07640990542558485 0.11585365853658537
8 0.9047343205574913 0.40975609756097564 0.06513812842210058 0.10243902439024395
8 0.8450815082130413 0.3591463414634146 0.05005350920856145 0.08414634146341467
8 0.74188899950224 0.4121951219512195 0.06445246391239422 0.0731707317073171
8 0.6554952712792435 0.3597560975609756 0.06170980587356901 0.07317073170731703
8 0.4638520408163265 0.37926829268292683 0.08845072175211541 0.08536585365853654
8 0.3548313837730214 0.43536585365853653 0.07062344449975111 0.06829268292682919
8 0.31094885515181686 0.39390243902439026 0.062395470383275226 0.10243902439024388
8 0.3760869835739174 0.36829268292682926 0.07885141861622699 0.09268292682926826
8 0.4429392732702837 0.3024390243902439 0.06170980587356894 0.07560975609756096
8 0.6791506968641116 0.3323170731707317 0.3778011448481832 0.24024390243902438
2 0.49916380180968345 0.4878048780487805 0.9914709585223036 0.9682926829268292
