6 0.5067476383265856 0.7005548058179639 0.09176788124156551 0.14394961763382824
6 0.45985155195681515 0.6363772679562154 0.05330634278002698 0.10676263307842263
6 0.27665317139001344 0.7293447293447295 0.05263157894736839 0.07677312940470828
6 0.4402834008097166 0.38926375768481036 0.04116059379217276 0.07317438896386264
8 0.0467273954116059 0.6548582995951417 0.07186234817813758 0.19650622282201227
8 0.02631578947368421 0.8594991752886492 0.05263157894736842 0.11396011396011389
8 0.17510121457489877 0.8822911980806719 0.04925775978407556 0.09956515219673108
8 0.27462887989203777 0.8421052631578948 0.12955465587044532 0.10076473234367966
8 0.6484480431848852 0.8157144999250263 0.08771929824561397 0.11036137351926811
8 0.2533738191632928 0.5602039286249813 0.05870445344129557 0.15834457939721097
8 0.33265856950067474 0.5134203028939872 0.052631578947368425 0.10796221322537114
8 0.3717948717948718 0.4462438146648674 0.10256410256410256 0.15594541910331386
8 0.3184885290148448 0.3712700554805818 0.06072874493927124 0.09236767131503974
8 0.1912955465587045 0.3952616584195532 0.19905533063427805 0.14754835807467387
8 0.03711201079622132 0.401259559154296 0.0728744939271255 0.15954415954415957
7 0.7338056680161944 0.8481031638926377 0.09514170040485836 0.15354625880941683
7 0.1616059379217274 0.6627680311890839 0.17071524966261808 0.38026690658269613
0 0.8394062078272604 0.5883940620782727 0.20377867746288786 0.24111560953666228
6 0.9713225371120108 0.6405757984705355 0.045209176788124236 0.11755885440095973
6 0.6693657219973009 0.4804318488529015 0.05533063427800272 0.08996851102114263
6 0.3626855600539811 0.7329434697855751 0.034412955465587064 0.0623781676413256
6 0.3856275303643724 0.6561703403808667 0.07624831309041831 0.09356725146198834
8 0.43960863697705804 0.7509371719898036 0.0978407557354926 0.13915129704603388
8 0.025303643724696356 0.1877342929974509 0.033063427800269905 0.05398110661268557
8 0.10323886639676112 0.20452841505473088 0.04723346828609986 0.08037186984555404
8 0.9504048582995952 0.32688559004348483 0.0735492577597843 0.06597690808217127
8 0.8144399460188932 0.3442795021742391 0.06612685560053976 0.07677312940470837
8 0.6933198380566802 0.34667866246813617 0.049257759784075573 0.08397061028639978
8 0.5931174089068826 0.4948268106162844 0.09446693657219975 0.10196431249062833
8 0.572199730094467 0.6225820962663069 0.06207827260458842 0.0959664117558853
8 0.5148448043184886 0.4444444444444445 0.07287449392712553 0.19313240365871948
8 0.3788798920377867 0.30949167791273063 0.06005398110661268 0.1319538161643425
0 0.6966936572199729 0.2687059529164793 0.10728744939271252 0.15594541910331391
8 0.932523616734143 0.26990553306342785 0.11470985155195677 0.105563052931474
7 0.7790148448043185 0.44078738701220205 0.44197031039136303 0.21220905202710305
2 0.5006747638326586 0.5416104363472785 0.9946018893387315 0.872094766831609
