3 0.42723577235772353 0.6487804878048781 0.05284552845528459 0.14146341463414644
3 0.3406574590419366 0.9359756097560975 0.07643686930338546 0.12804878048780494
3 0.6678861788617886 0.6664634146341463 0.08699186991869923 0.11585365853658537
3 0.3130081300813008 0.5207317073170732 0.09918699186991865 0.1
8 0.20203252032520325 0.698780487804878 0.2219512195121951 0.1829268292682928
8 0.04715447154471544 0.5079268292682927 0.09105691056910568 0.5060975609756098
8 0.167479674796748 0.37743902439024396 0.23902439024390243 0.42560975609756097
8 0.325609756097561 0.2963414634146342 0.33414634146341465 0.5048780487804878
8 0.5126086785541317 0.20373475377152606 0.3422623176884845 0.38521341928621616
8 0.8849664021313675 0.3391006074300627 0.21218101687547644 0.641310980261826
8 0.8475609756097561 0.677439024390244 0.26585365853658544 0.16707317073170727
8 0.8654471544715447 0.8390243902439025 0.17804878048780495 0.175609756097561
6 0.6967479674796748 0.8841463414634145 0.12682926829268296 0.19512195121951223
8 0.6239837398373983 0.796951219512195 0.1390243902439024 0.21341463414634163
6 0.4097631500988472 0.8817073170731707 0.09107101564484886 0.23658536585365852
2 0.5052845528455285 0.498170731707317 0.9845528455284552 0.9865853658536585
