6 0.289877333678265 0.690919674039581 0.27233432501185706 0.18044237485448206
6 0.2063391971715604 0.5605355064027939 0.18545466304488423 0.1315483119906869
6 0.3884523347561764 0.5727590221187427 0.26230974863105244 0.08381839348079169
6 0.21469301082223086 0.3777648428405122 0.1520394084422024 0.07799767171129218
6 0.21051610399689558 0.4511059371362049 0.21051610399689558 0.06635622817229332
6 0.6499267020221619 0.3649592549476135 0.1603932220928729 0.09196740395809076
6 0.47533199672314924 0.4563445867287544 0.1720885612038115 0.13736903376018625
6 0.3207864441857457 0.28055878928987193 0.11695339110938643 0.041909196740395845
6 0.6490913206570949 0.26833527357392317 0.12196567929978869 0.03841676367869617
6 0.88801039106627 0.2753201396973225 0.14201483206139784 0.054714784633294544
6 0.7526786099254085 0.2112922002328289 0.14535635752166612 0.031431897555296864
6 0.8646197128443928 0.17345750873108265 0.06181822101496138 0.032596041909196745
6 0.9682070021127064 0.1821885913853318 0.05847669555469324 0.04074505238649593
