3 0.7514551804423749 0.39988358556461 0.14551804423748535 0.12456344586728747
3 0.5459837019790454 0.45459837019790456 0.10011641443538999 0.05704307334109437
3 0.7526193247962746 0.5576251455180441 0.06635622817229332 0.0791618160651921
0 0.7956926658905704 0.569848661233993 0.20372526193247964 0.12456344586728754
8 0.9132712456344586 0.5180442374854483 0.1012805587892899 0.041909196740395845
8 0.3154831199068685 0.5756693830034925 0.08149010477299186 0.05704307334109423
8 0.5337601862630966 0.5477299185098953 0.03376018626309665 0.07101280558789291
8 0.48020954598370197 0.6949941792782306 0.1362048894062864 0.030267753201396914
3 0.32363213038416766 0.7019790454016298 0.10244470314318974 0.023282887077997715
3 0.3946449359720606 0.669965075669383 0.058207217694994214 0.043073341094295614
3 0.6135040745052386 0.7107101280558789 0.12107101280558794 0.03608847497089627
0 0.8591385331781142 0.41094295692665894 0.04656577415599543 0.058207217694994214
0 0.9126891734575088 0.4447031431897555 0.08149010477299172 0.05587892898719446
0 0.6647264260768335 0.4580908032596042 0.10011641443538992 0.10593713620488941
0 0.6623981373690339 0.6327124563445868 0.09313154831199072 0.09895227008149014
0 0.5826542947701504 0.596041993320403 0.08731082654249135 0.07450523864959252
0 0.4825378346915018 0.6315483119906868 0.11990686845168802 0.08731082654249135
0 0.31955762514551805 0.650174621653085 0.1012805587892899 0.07101280558789284
0 0.4289871944121071 0.5785797438882422 0.1315483119906868 0.09313154831199064
0 0.45925494761350405 0.4348079161816065 0.1012805587892899 0.08498253783469152
0 0.4610011641443539 0.36088474970896395 0.06519208381839349 0.07916181606519203
0 0.2712456344586729 0.4772991850989523 0.06752037252619324 0.05587892898719446
0 0.20488940628637947 0.5582072176949942 0.11408614668218858 0.08265424912689184
0 0.34575085431398245 0.5122233848569181 0.08149010477299182 0.07217694994179283
8 0.11583236321303843 0.4953434225844005 0.08963911525029106 0.05704307334109423
8 0.3335273573923166 0.45983701979045405 0.052386495925494714 0.05122235157159487
2 0.5215366705471479 0.5267753201396973 0.8824214202561117 0.3899883585564611
