1 0.6775320139697323 0.48020954598370197 0.12572759022118746 0.42258440046565765
5 0.8883876600698488 0.4610011641443539 0.1545401629802096 0.27240977881257267
7 0.7993306169965075 0.5180442374854481 0.1545401629802096 0.2747380675203725
6 0.47016880093131547 0.6187427240977881 0.16850989522700816 0.24330616996507579
1 0.5889115250291037 0.4947613504074505 0.09866123399301514 0.36321303841676367
6 0.4885040745052387 0.419674039580908 0.14231664726426074 0.17578579743888248
8 0.7019790454016298 0.19557625145518046 0.4033760186263097 0.2351571594877765
6 0.45096041909196743 0.32305005820721777 0.18771827706635627 0.2013969732246799
6 0.3335273573923166 0.7537834691501746 0.06984866123399307 0.07334109429569267
3 0.3178114086146682 0.2270081490104773 0.14318975552968566 0.12572759022118746
