1 0.5060147458284827 0.6821885913853319 0.08381839348079162 0.06519208381839334
1 0.5564610011641443 0.6280558789289872 0.07450523864959259 0.05937136204889406
1 0.7442762795204019 0.6798601905126486 0.09778812572759023 0.04656577415599528
1 0.7931703531237875 0.6338766006984866 0.054326736515327954 0.0477299185098952
6 0.8853317811408615 0.959254947613504 0.22933643771827705 0.08149010477299186
6 0.2999611951882033 0.5908032596041909 0.058207217694994214 0.052386495925494714
1 0.3445867287543656 0.5291036088474971 0.06984866123399304 0.04772991850989513
6 0.48544819557625146 0.5442374854481956 0.08769887466045781 0.06635622817229332
1 0.3927046953822274 0.5745052386495925 0.0791618160651921 0.033760186263096584
2 0.590227919768399 0.6140861466821886 0.8110340312325681 0.7718277066356228
