3 0.7112944914209096 0.7591101156868589 0.20013610317347194 0.30235728523255445
0 0.9114306320197304 0.6690459077486309 0.17309068382570544 0.2122934130356232
8 0.7640330965744032 0.5098258479719135 0.10006805158673586 0.11901297397451607
0 0.3542949934557409 0.550032933774115 0.1298180128692791 0.09649700592528333
6 0.27856781928199476 0.6320553888106057 0.1406361806083857 0.1383123751595727
8 0.550374283727048 0.6626127740202787 0.07843171610852273 0.07719760474022663
8 0.43813579343381703 0.670654191180719 0.11359076126061929 0.119012973974516
0 0.5111584256727865 0.550032933774115 0.08654534191285272 0.14152894202374888
0 0.582828699618554 0.5838070149792319 0.1217043870649493 0.11257984024616398
8 0.6977718191723753 0.5934565864404924 0.08113625804329942 0.07398103787605066
2 0.5814765159769795 0.6433133728352222 0.7734989933461215 0.36025548878772445
