6 0.9313629346560713 0.8585564610011641 0.13727413068785738 0.09895227008149021
7 0.5120495267500127 0.6850989522700814 0.10551323581515405 0.1431897555296856
7 0.5981669471579694 0.6565774155995343 0.0977549096522752 0.13969732246798608
7 0.2265431239560662 0.5587892898719441 0.1179265576757605 0.08149010477299193
7 0.3258496988409172 0.5314318975552969 0.14585653186212486 0.0477299185098952
7 0.3545555056435694 0.48544819557625146 0.18464816267651976 0.04656577415599543
7 0.4259319989826327 0.42258496129007506 0.21257827285148687 0.07683382646374844
7 0.3049022182011439 0.38125727590221187 0.14120153616439743 0.04772991850989527
7 0.5593755883207799 0.38591427393612454 0.15671818849015537 0.089639115250291
7 0.6067010737293093 0.46332920982823933 0.23895644581667258 0.048894062863795044
7 0.5648061446575897 0.5518044237485448 0.20792314116515662 0.1280558789289872
8 0.7921251012299438 0.6030267753201397 0.2684380852356128 0.30034924330616986
6 0.41972544541175283 0.33061699650756693 0.09775490965227512 0.10477299185098957
