0 0.4284051258150206 0.4423746581934097 0.14280170741171902 0.12339930151338763
0 0.6379510593989116 0.6303842891487439 0.19557625145518046 0.22002328288707787
8 0.28715560729530465 0.6129220023282888 0.23127667830811025 0.19441210710128054
8 0.07644547923942568 0.509895227008149 0.11563833915405511 0.12339930151338763
8 0.037252619324796274 0.5808514382980755 0.07450523864959255 0.10488618044692231
8 0.10128055878928988 0.39173457508731085 0.11874272409778815 0.12223515715948778
8 0.26348467209934034 0.37951105937136204 0.1528909584788514 0.1140861466821886
8 0.2755141798656912 0.462164906574088 0.1909196740395809 0.13969732246798613
8 0.4458672875436554 0.3265424912689173 0.1420256111757857 0.1525029103608848
6 0.6542491823796175 0.4353903996297959 0.30888630190143573 0.18626309662398133
8 0.8804811796662787 0.44994179278230506 0.0752813348855257 0.08731082654249128
8 0.8273185875048505 0.5500582072176949 0.07450523864959252 0.043073341094295683
8 0.7497089639115251 0.5215366705471478 0.06363989134652698 0.08149010477299186
2 0.48428405122235146 0.5232828870779976 0.9608071400853704 0.6041909196740396
