8 0.29085365853658535 0.65 0.1445121951219512 0.20975609756097555
8 0.45503048780487804 0.6780487804878048 0.1399390243902439 0.21707317073170734
1 0.6329268292682928 0.8365853658536585 0.1463414634146342 0.23658536585365852
1 0.7916158536585365 0.5182926829268293 0.13079268292682925 0.23170731707317066
1 0.4166158536585367 0.3621951219512195 0.1399390243902439 0.20975609756097563
1 0.25518292682926835 0.3024390243902439 0.1554878048780488 0.3414634146341463
5 0.43582320553755705 0.0963414634146341 0.11067080131901683 0.13414634146341456
5 0.5094512195121952 0.08536585365853659 0.10243902439024388 0.14634146341463417
1 0.8396341463414635 0.22560975609756095 0.24329268292682926 0.1463414634146341
1 0.6530487804878049 0.17926829268292685 0.1408536585365853 0.1878048780487805
1 0.5492378228083352 0.1865853658536584 0.0539634504947186 0.21219512195121937
1 0.5053353658536586 0.3 0.08323170731707322 0.23658536585365852
6 0.13583110483681285 0.7408536585365855 0.15458903894191833 0.5182926829268293
5 0.3942073170731705 0.5189024412936925 0.07865853658536585 0.19634145887602994
6 0.4861280487804878 0.48536585365853663 0.08140243902439025 0.11951219512195124
2 0.597713430454987 0.32865853526917066 0.08140247066607188 0.16707316809931677
2 0.513109756097561 0.49268292682926834 0.9201219512195122 0.978048780487805
