8 0.26387195121951224 0.16219512195121952 0.3539634146341464 0.20243902439024392
3 0.6539634146341464 0.3054878048780488 0.4225609756097562 0.27195121951219514
3 0.29496951219512196 0.4780487804878048 0.13262195121951223 0.18780487804878043
3 0.2190548780487805 0.5536585365853659 0.13628048780487806 0.19512195121951223
6 0.10426829268292682 0.623780487804878 0.10243902439024388 0.14024390243902432
3 0.22957317073170733 0.8298780487804879 0.15365853658536588 0.15731707317073174
8 0.36859756097560975 0.7426829268292683 0.10243902439024392 0.21951219512195108
7 0.5615853072743695 0.8548780487804878 0.2469512195121951 0.2902439024390244
1 0.4957317073170732 0.6591463414634146 0.13719512195121944 0.33536585365853644
5 0.4746951219512195 0.896341463414634 0.10426829268292685 0.13902439024390248
8 0.8003048780487805 0.753048780487805 0.12804878048780494 0.18170731707317075
6 0.6763719512195122 0.776219512195122 0.1143292682926829 0.1914634146341463
