6 0.5365031987407514 0.633755926347537 0.17195615344254855 0.188974494401811
6 0.7858396212324468 0.7259386065435425 0.18227352264910138 0.27193890657821584
0 0.28028853011135413 0.820425853744448 0.06534333830816845 0.11983748425480698
0 0.3937795913834361 0.7766390806513453 0.11349106127208203 0.10601008222540614
0 0.14100404582288978 0.700588369489641 0.06878246137701939 0.11061921623520647
0 0.2046278225966327 0.649887895381838 0.04470859989506262 0.11061921623520639
0 0.27856896857692864 0.649887895381838 0.08941719979012525 0.12905575227440763
0 0.3800230991080322 0.6544970293916382 0.09973456899667817 0.14749228831360853
8 0.16335834577042113 0.9632179679849271 0.23042124561301505 0.07356406403014575
0 0.2626234506797073 0.551197633307536 0.09579974930454732 0.0929730947747651
0 0.17115384615384616 0.61340206185567 0.08076923076923075 0.11340206185566998
2 0.3653846153846153 0.7190721649484536 0.6 0.5206185567010309
