6 0.09785239619712843 0.6816065192083818 0.055711583236321284 0.08032596041909187
6 0.277486539580908 0.4685681024447031 0.03785530655801317 0.036088474970896414
6 0.2807006693830035 0.3376018626309662 0.03571255335661622 0.030267753201396914
6 0.8881712019790453 0.9476135040745052 0.06356834497477692 0.07916181606519203
6 0.6956805393868839 0.8399301513387659 0.057140085370586034 0.061699650756693813
6 0.9360260234769112 0.7357392316647264 0.08213887272021722 0.0675203725261933
6 0.8242457314707025 0.6717112922002327 0.07856761738455574 0.0628637951105938
8 0.5553302046953822 0.47846332945285214 0.03071279588668993 0.030267753201396984
8 0.5849716239813736 0.8282887077997672 0.04714057043073339 0.0896391152502909
0 0.638540454016298 0.8317811408614668 0.04714057043073353 0.08032596041909201
0 0.7060433757180246 0.9743888242142025 0.1335773412691885 0.05122235157159508
8 0.2357028620374462 0.7788126335150004 0.04142658166123337 0.05122247308355203
8 0.36355397272567486 0.8230499647364815 0.09856664726426075 0.0512223515715948
8 0.3831956975164921 0.6641443538998835 0.060711340706247514 0.052386495925494714
8 0.4824765958478851 0.5605355064027938 0.042140812960807066 0.026775320139697315
8 0.42712213814513 0.48195576251455174 0.015713523476911177 0.032596041909196745
8 0.20641855840124176 0.8172293364377182 0.05999708963911523 0.04889406286379525
0 0.609970411331005 0.7072176949941792 0.05571158323632133 0.06635622817229332
0 0.7649628928987192 0.6577415599534342 0.04714057043073339 0.06053550640279397
3 0.6128274155995342 0.48253783469150163 0.05142607683352736 0.0477299185098952
2 0.5060468942416236 0.7206060046856437 0.8606724370566583 0.547146547089711
