8 0.07049200416641138 0.7991850989522701 0.08892837448685743 0.0942956926658907
8 0.34125359965688373 0.9586728754365541 0.1633968506831689 0.07799767171129218
8 0.6980515899761045 0.9260768335273574 0.16990380491391463 0.12922002328288712
0 0.5758654494209913 0.8131548311990687 0.18870167269162422 0.1897555296856811
0 0.46090925801115135 0.8637951105937137 0.15255192696525946 0.15133876600698484
0 0.15219042950799583 0.7421420256111759 0.08314441517063904 0.14784633294528518
0 0.30438085901599166 0.7840512223515717 0.19376263709331534 0.19674039580908043
8 0.8336131364499724 0.8445867287543655 0.18942466760615162 0.11059371362048892
0 0.7851724771766436 0.728754365541327 0.17351877948655114 0.13969732246798613
2 0.4883830647631885 0.7945285215366705 0.9261564855094663 0.34109429569266586
