0 0.6374207235674058 0.6135040745052386 0.17090897649686937 0.0768335273573922
0 0.4538679707480638 0.7572759022118742 0.171780961070833 0.07799767171129218
0 0.4468920941563549 0.6623981373690337 0.258979418467195 0.08381839348079176
0 0.1669850459140331 0.840512223515716 0.21363622062108675 0.1373690337601863
0 0.31042650833104846 0.5029103608847497 0.14474943927796083 0.13504074505238656
0 0.3030146394523577 0.610593713620489 0.17352493021876023 0.10826542491268924
0 0.46869170850544534 0.39755529685681024 0.16306111533119677 0.09895227008149014
0 0.20971229003825045 0.32072176949941794 0.18398874510632368 0.15948777648428403
8 0.07411868878690764 0.44179278230500585 0.09417433398807087 0.05704307334109437
8 0.04752315928101727 0.5028537665867833 0.09504631856203453 0.07694671595332515
2 0.3871611508398469 0.5937136204889406 0.7725783325317666 0.7473806752037252
