6 0.4941792782305006 0.8754365541327124 0.17811408614668223 0.1792782305005821
6 0.831199068684517 0.7852153667054715 0.24970896391152508 0.22467986030267753
6 0.8984359790060378 0.9563445867287544 0.08907219084094649 0.08731082654249121
6 0.20561699650756693 0.7136204889406287 0.10739231664726429 0.13504074505238647
6 0.36146682188591384 0.5838183934807916 0.09254947613504079 0.09662398137369038
6 0.33745634458672874 0.46682188591385326 0.10215366705471478 0.16763678696158316
6 0.4815192083818393 0.45052386495925495 0.13882421420256108 0.16298020954598372
6 0.6535215366705472 0.5058207217694995 0.09866123399301514 0.14784633294528526
6 0.6111757857974389 0.6426076833527358 0.1484284051222351 0.2118742724097789
6 0.7233701979045403 0.5844004656577416 0.10389988358556451 0.15133876600698484
6 0.815919674039581 0.49767171129220017 0.12136204889406287 0.11059371362048892
6 0.943975552968568 0.5238649592549476 0.11204889406286384 0.14668218859138527
1 0.2977299225372416 0.8253781786676921 0.1169965075669383 0.10244470314318974
6 0.07552386495925494 0.7910360884749709 0.14930151338766007 0.12922002328288698
5 0.24447031431897556 0.5215366705471479 0.06111757857974389 0.10942956926658909
6 0.16152502910360889 0.5745052386495925 0.0681024447031432 0.08498253783469145
1 0.6238358556461001 0.8119906868451687 0.07246798603026776 0.15483119906868453
6 0.345314318975553 0.7677532013969732 0.10215366705471482 0.061699650756693813
6 0.4492142005474444 0.668800735026937 0.15279394644935976 0.110593713620489
2 0.5037834691501747 0.6746216530849826 0.9866123399301514 0.6135040745052387
