0 0.7370409854735029 0.6577415599534342 0.15206319279242805 0.16298020954598363
0 0.8223825732651718 0.5465657741559954 0.17378650604848914 0.11292200232828875
0 0.7067835134382751 0.36379511059371367 0.14740819709470052 0.08731082654249128
0 0.8130725818697171 0.3224679860302678 0.17068317558333745 0.10942956926658909
0 0.21723313256061144 0.5523864959254948 0.152063192792428 0.1199068684516881
0 0.296368059421977 0.6175785797438883 0.13654654046667006 0.10826542491268924
0 0.08922075087310827 0.5512223515715949 0.159821518955307 0.24097788125727596
0 0.3530038404109935 0.3579743888242142 0.501187870121982 0.16181606519208383
0 0.607476938553424 0.6623981373690339 0.07913492686136571 0.11874272409778812
2 0.5038791630814395 0.5227008149010477 0.992241673837121 0.6775320139697323
