0 0.6473798240621249 0.8225565897351379 0.26230045638638905 0.20401146607830256
0 0.8808937478376818 0.8233798770815646 0.23821250432463642 0.35324024583687075
0 0.23579136770904113 0.8146985380995092 0.3934506845795835 0.3706029238009816
0 0.3753128870635034 0.7075291270375174 0.17579711438662238 0.2604401694616627
0 0.15347367128990844 0.5317320126508949 0.2064918486446041 0.21269280506035798
0 0.05441339254824027 0.42538561012071596 0.10324592432230205 0.2343961525154966
0 0.6641224321272401 0.40585259741109125 0.23997701328967502 0.3429128897911894
0 0.4855348873535285 0.5512650253605197 0.29578562103145983 0.2604401694616628
0 0.9194468125459059 0.44708895757585454 0.15347367128990855 0.2604401694616628
0 0.3557798743538787 0.06728037711092956 0.17579711438662238 0.13456075422185912
0 0.22462964616068415 0.1258794152398037 0.11998850664483747 0.1649454406590531
0 0.11301243067711439 0.20184113133278864 0.19812055748333635 0.2474181609885796
1 0.8399195465138625 0.5664573685791165 0.0948746331610343 0.10851673727569285
0 0.8231769641913271 0.07162104660195727 0.10603635470939125 0.09983539829363741
6 0.7227214702561142 0.08030238558401269 0.13952151935446225 0.1258794152398037
6 0.3571750895474233 0.35593489826427244 0.22881529174131804 0.2517588304796073
2 0.5064631152566978 0.5065110042365416 0.9682793443199678 0.9869779915269169
