0 0.7452054784239658 0.8306169965075669 0.24710478688285561 0.33876600698486614
0 0.8946449359720606 0.6874272409778811 0.21071012805587885 0.2619324796274738
0 0.4653667054714785 0.8410942956926658 0.44703143189755534 0.2991850989522702
0 0.18116996507566938 0.5465657741559954 0.3378928987194412 0.29452852153667053
0 0.15104772991850987 0.8172293364377182 0.2968568102444703 0.35157159487776485
0 0.5343422584400466 0.5244470314318975 0.23224679860302672 0.420256111757858
0 0.8221769499417928 0.2933643771827707 0.35564610011641434 0.5075669383003494
0 0.21696740395809083 0.3533178114086147 0.3955180442374855 0.44819557625145523
0 0.22395227008149013 0.08090803259604191 0.20867287543655416 0.15948777648428408
0 0.46231082654249134 0.13154831199068684 0.2383585564610012 0.2561117578579744
