3 0.2523282887077998 0.20430733410942958 0.35972060535506406 0.39930151338766007
3 0.41079748721057774 0.4697322467986029 0.21915017462165307 0.45285215366705456
3 0.537405763608339 0.1559953434225844 0.1772258301136519 0.3119906868451688
8 0.4339348079161816 0.8195576251455179 0.10651920838183933 0.17462165308498256
8 0.6181606519208382 0.8277066356228172 0.15541327124563453 0.339930151338766
5 0.6509022118742724 0.6309662398137369 0.06722933643771832 0.07683352735739234
0 0.7242433061699651 0.27823050058207216 0.16327124563445863 0.22817229336437717
0 0.7355937498666063 0.49883588368732107 0.26455180442374854 0.2735739231664727
3 0.7478172293364378 0.10477299185098954 0.12136204889406287 0.1140861466821886
2 0.4784709033366548 0.4825378346915017 0.8538847358179592 0.9650756693830034
