0 0.8426350749845922 0.4027939464493598 0.1779477798104108 0.09778812572759016
0 0.7811384157854061 0.31781140861466817 0.11950414624522665 0.08149010477299182
0 0.8291145328911541 0.27706635622817233 0.1421837652406714 0.09080325960419092
8 0.11688726713036786 0.5878928987194412 0.15177898866182096 0.14901047729918504
8 0.05233758229717964 0.7258440046565775 0.10293057851778663 0.10128055878928975
0 0.04928457376341797 0.8835289796591183 0.09856914752683595 0.20965917229791184
0 0.09377150161578018 0.8864959254947614 0.011339809497722246 0.0128055878928987
0 0.7261915664507248 0.816065093939545 0.3916747983452772 0.3678698121209091
0 0.6454968101078155 0.36612314693052556 0.1500344025852482 0.19906868451688006
0 0.3859896694416999 0.17578579743888242 0.08810159686691904 0.09778812572759021
8 0.2634324975624709 0.27066356228172295 0.061060512680042936 0.0733410942956927
8 0.48194190365319584 0.24912689173457508 0.0601882196417565 0.06286379511059373
6 0.34368350939143094 0.26542491268917334 0.07152813375271452 0.04656577415599533
6 0.4187007036427798 0.49650755291768994 0.43963560076562447 0.3084986370134878
6 0.4099777279945739 0.6565774155995343 0.0034891721531452903 0.04656577415599543
0 0.11688726713036787 0.32013969732246794 0.13084395574294913 0.08847497089639113
2 0.4876118084020571 0.5547146677948743 0.9525439978086697 0.8905706644102517
