0 0.5746527320518966 0.439464493597206 0.1684251743143753 0.1362048894062864
0 0.7365328866390292 0.4743888242142026 0.13613641032664517 0.11292200232828868
0 0.7662036427358621 0.5913853317811408 0.1047203156358809 0.10477299185098957
0 0.6475206183485304 0.33760186263096625 0.1500991190780959 0.09313154831199064
0 0.4773501054402239 0.3445867287543656 0.1588258120477527 0.11175785797438881
0 0.3237603091742652 0.3533178114086147 0.17104318220527218 0.2689173457508731
0 0.05410549641187181 0.29336437718277064 0.08901226829049878 0.14435389988358557
8 0.18369688701127448 0.7083818393480792 0.09337561477532716 0.11990686845168795
8 0.42411727832531776 0.6938300349243306 0.15358979626595867 0.09313154831199072
8 0.40448221914359 0.850989522700815 0.18762389884761999 0.19790454016298029
8 0.7744544938957045 0.818975552968568 0.4510910122085908 0.3620488940628638
8 0.14355409935085345 0.4045401629802095 0.07592222883601366 0.12456344586728761
8 0.16973417825982368 0.279976717112922 0.11082900071464065 0.08032596041909197
8 0.4481156839918738 0.4650756693830036 0.05497816570883757 0.08032596041909194
8 0.9437918446683768 0.5314318975552969 0.09512095336925853 0.1362048894062864
2 0.4982941685674001 0.5715948777648429 0.9808802897894181 0.8521536670547146
