0 0.47681871097470635 0.6909196740395811 0.15416234522171662 0.18044237485448192
0 0.8145881572896582 0.9324796274738069 0.11389215752566016 0.13504074505238634
0 0.7254926447243095 0.4324796274738068 0.1712054185628108 0.3061699650756694
0 0.5728796698063288 0.21769499417927826 0.23472960101598062 0.2467986030267754
8 0.6642925177267435 0.7823050058207218 0.14951423431050911 0.13038416763678712
8 0.9164525346597523 0.47904540162980214 0.11620277278018833 0.1362048894062864
8 0.9001841464705259 0.31722933643771833 0.1750788443221505 0.18044237485448203
8 0.2424764525346598 0.8044237485448197 0.430724944438565 0.2863795110593713
8 0.1332458461212827 0.36263096623981383 0.10380781035030162 0.18975552968568102
8 0.36991216001693306 0.48544819557625146 0.24557519314213144 0.13271245634458673
2 0.5027706635622817 0.5180442374854483 0.9869488834797333 0.9080325960419092
