0 0.9058147229378237 0.5611455693500002 0.12819273782564664 0.1504988117030652
0 0.6893383071756469 0.804093651099234 0.15479877775172418 0.18059857404367818
0 0.7993905632335134 0.6664947375421458 0.12335527602090522 0.16339870984904217
0 0.6748259217614226 0.6944445168584293 0.11609908331379323 0.1504988117030652
0 0.731666097967134 0.5847953826176248 0.17172989406831918 0.18919850614099623
0 0.5538893766428882 0.8105436001722225 0.14512385414224155 0.29669765735747133
0 0.2781540537726294 0.7331442112963604 0.1306114687280173 0.17629860799501926
0 0.4184404461101295 0.6535948393961688 0.10158669789956896 0.2923976913088125
0 0.5115615858514011 0.5460956881796937 0.08465558158297419 0.22359823453026834
0 0.3591815390020476 0.44934645208486607 0.1572175086540949 0.27089786106551744
0 0.5696111275082977 0.40849677462260553 0.24912928294418107 0.2407980987249043
2 0.6010546292391167 0.5804954165689657 0.7377129252230606 0.6707947035908048
