8 0.6302154471544716 0.5969512195121952 0.15548983739837405 0.2109756097560976
3 0.3863165650406505 0.728048780487805 0.11627337398373988 0.19999999999999993
3 0.34125203252032527 0.4451219512195122 0.13622560975609763 0.19024390243902445
3 0.6997042682926831 0.7548780487804879 0.07568089430894304 0.10243902439024395
3 0.4654375 0.6323170731707318 0.0447205284552846 0.14756097560975617
3 0.8452179878048781 0.7042682926829269 0.15892987804878062 0.21585365853658545
3 0.9006026422764228 0.36524390243902444 0.05228861788617891 0.05975609756097569
3 0.5424944105691057 0.3030487804878049 0.1025132113821138 0.11585365853658537
3 0.6522317073170733 0.30060975609756097 0.09081707317073175 0.09878048780487798
3 0.20433841463414637 0.4634146341463415 0.07017682926829273 0.051219512195121907
3 0.2535309959349594 0.6756097560975611 0.12315345528455285 0.36341463414634156
3 0.1630579268292683 0.6085365853658538 0.13897764227642279 0.12195121951219512
3 0.04781656504065041 0.6146341463414635 0.08049695121951221 0.14634146341463414
3 0.11696138211382116 0.5182926829268293 0.08944105691056914 0.15609756097560976
8 0.3381559959349594 0.953048780487805 0.1327855691056911 0.08658536585365852
8 0.4829817073170733 0.5018292682926829 0.12934552845528466 0.1597560975609756
3 0.5693267276422765 0.7554878048780489 0.15067378048780497 0.21585365853658545
2 0.4767896341463414 0.5920731683262472 0.9522032520325202 0.8109756049451772
