8 0.4949812091916789 0.8178114086146683 0.07447993116363819 0.05238649592549478
8 0.722300165764033 0.7369033760186263 0.2063714759325808 0.07683352735739234
8 0.5523928227969833 0.7002328288707801 0.06827327023333496 0.03608847497089627
8 0.5686853077390291 0.9057043073341094 0.14120153616439737 0.0628637951105938
8 0.8999658348939615 0.7008149010477299 0.07758326162878973 0.05355064027939463
1 0.32507386622462925 0.7892898719441211 0.06672160500075919 0.041909196740395914
1 0.14042571428405184 0.8224679579890468 0.0418949612795465 0.05005820721769496
1 0.0752557637799261 0.8661233993015134 0.076031596396214 0.048894062863795114
1 0.8689325302424458 0.6431897555296857 0.04654995697727401 0.03841676367869617
1 0.4895503808776636 0.7019790454016299 0.023274978488636862 0.039580908032595945
0 0.9488432897200992 0.5884749708963912 0.08223825732651732 0.03376018626309665
0 0.89686250442881 0.6164144353899883 0.20481981070000502 0.07799767171129211
3 0.5190320202966038 0.6554132712456345 0.11327156197803319 0.06053550640279397
0 0.1885273257579592 0.7561117578579745 0.1877514931416713 0.09196740395809087
8 0.09697907703598724 0.619906868451688 0.19085482360682288 0.1268917345750873
8 0.32352226182906 0.656577452987829 0.1660283015596231 0.07683360213398101
8 0.2847305701776585 0.5657741559953435 0.06672160500075926 0.03492433061699657
8 0.3514521751784178 0.5779976717112922 0.04499829174469809 0.03841676367869617
0 0.5035153679708457 0.5075669383003492 0.06361827453560764 0.058207217694994214
0 0.4267079389583439 0.5378346915017462 0.06827327023333503 0.0512223515715948
0 0.32274636837576554 0.5331781140861467 0.062066609303031796 0.03492433061699643
6 0.6726468783216074 0.5384167636786961 0.06361827453560764 0.03143189755529683
6 0.6098044364022879 0.5064027939464494 0.04654995697727394 0.0256111757857974
6 0.6524752302981222 0.4947613504074505 0.026378308953788617 0.02328288707799764
6 0.5655819772738776 0.47904540162980214 0.12878821430379112 0.05005820721769496
0 0.7067835134382751 0.5128055878928987 0.07292826593106241 0.033760186263096584
0 0.5361003378549375 0.5605355064027939 0.051204952675001324 0.04074505238649593
0 0.8363475603583541 0.5331781140861467 0.04344662651212232 0.030267753201397057
2 0.4973087070405424 0.7270087752644104 0.9884107531507815 0.49941918033091537
8 0.4049846257022827 0.9429569266589058 0.12413321860606366 0.055878928987194314
