1 0.8472379346069456 0.772755478817324 0.22344736736886475 0.1601372799476866
1 0.8658585485543508 0.9394464891587674 0.17224067901349996 0.12110702168246533
1 0.6168078370078038 0.8631019719744052 0.2606885952636756 0.2737960560511897
1 0.2769816324676552 0.9077914454481781 0.24672313480312147 0.18441710910364378
1 0.3084039185039019 0.780203724396286 0.300257399901912 0.16013727994768628
1 0.5632735719090133 0.6684800407118537 0.2001715999346081 0.21972324457938364
1 0.6459025463006247 0.4468947347377295 0.08612033950675006 0.2606885952636756
1 0.4818083858891146 0.49344626960624294 0.19086129296090534 0.21227499900042146
1 0.2874557278130708 0.6666179793171131 0.2443955580596958 0.16386140273716748
1 0.10474095345415536 0.7336521895277726 0.19551644644775668 0.16386140273716734
1 0.8169794369424117 0.5288254361063133 0.214137060395162 0.31282631431641067
1 0.243231769687983 0.26813684084263767 0.26301617200710126 0.27558508642159985
1 0.18620613947405398 0.5642046026063835 0.22344736736886478 0.18248201668457284
1 0.5527994765635977 0.20855087621094043 0.1885337162174797 0.1713096483161296
1 0.47017050217198625 0.31468837571115116 0.15362006506609446 0.17503377110561072
1 0.0686635139310574 0.23275767434256747 0.10939610694100668 0.33144692826381605
