0 0.8410025560560814 0.5849825378346916 0.22964645442121778 0.22002328288707795
0 0.6152352647163031 0.6612339930151339 0.1318915447689426 0.1140861466821886
0 0.6284244191931974 0.561117578579744 0.1551665232575796 0.1490104772991851
0 0.5011878701219821 0.590803259604191 0.13033987953636683 0.11292200232828875
0 0.3436938490155388 0.5966239813736902 0.20326814546742933 0.19906868451688006
0 0.18232066482765602 0.5640279394644936 0.26223142430530955 0.2875436554132713
0 0.3180911740631052 0.39871918416618535 0.11792628927720247 0.11524988911192285
0 0.4212771106443286 0.3538998835855647 0.16913151035076182 0.15599534342258445
6 0.5904086281523853 0.30849831921298454 0.11637489244318458 0.04889406286379518
0 0.654026895530698 0.40570430733410945 0.2870580680265224 0.14318975552968566
0 0.6082527711697119 0.22467986030267753 0.20481981070000493 0.13504074505238647
0 0.4592929088424356 0.24970896391152503 0.13344321000151851 0.08265424912689177
2 0.4988603722731184 0.439464493597206 0.9635841094295692 0.620488940628638
