6 0.3683128150799421 0.3415745817550882 0.14095922552442233 0.09759273764431092
6 0.6445474263898987 0.3188029429714156 0.22508005365996467 0.19518547528862182
6 0.8764480877365289 0.42615495438015766 0.19325055112219175 0.22771638783672546
6 0.705932895569889 0.6083280646495379 0.34330392022883494 0.20169165779824247
6 0.1330018498899791 0.5888095171206759 0.16596812037552947 0.143136015211656
6 0.28646552283995497 0.5074822357504167 0.23644773313774065 0.17566692775975967
8 0.28191845104884455 0.8474302718780996 0.2500889485110718 0.29603130418774315
8 0.3830907984010509 0.19030583840640627 0.1705151921666399 0.19193238403381144
8 0.4456130355288188 0.7465844429789784 0.2137123741821886 0.34808076426470896
2 0.5126823444476972 0.5156149638874425 0.9480644684465176 0.9206248251113328
