6 0.798435542026454 0.16535647320074492 0.13795454335605 0.12823563227812873
6 0.13323007269317158 0.5011313524553188 0.2589009923257377 0.3948307625405542
0 0.14078922575377706 0.8593972325689659 0.26646014538634316 0.281205534862068
0 0.3429965701249737 0.4640105115327026 0.1417341198863528 0.2260996674377533
0 0.5442590203635946 0.5922461438108314 0.09070983672726583 0.2598458864583135
0 0.9403206657802693 0.8222763916463498 0.11935866843946144 0.3554472167073004
0 0.6963869757082799 0.4083292501487783 0.09259962499241724 0.2024773141233611
0 0.4696123838901155 0.71204522133382 0.14929327294695824 0.4184531158549462
0 0.4790613252158724 0.4825709319940107 0.11905666070453634 0.22272504553569733
6 0.37134339410224426 0.22778697838878126 0.1455136964166555 0.20585193602541715
0 0.08693026019696302 0.24128546599700534 0.13984433162120138 0.11136252276784867
2 0.5017387843976888 0.545001437182047 0.9770205330832584 0.8875255602407328
