0 0.921263789080124 0.6818177579605578 0.13861216643040394 0.12579663431006607
0 0.7978651531115938 0.5736326524539009 0.2366549182958117 0.21133834564091095
0 0.7505341694524312 0.873028642111858 0.19608550373081543 0.23649767250292414
0 0.5459967043539083 0.8705127094256568 0.19946628827789845 0.25159326862013187
0 0.6017796493807783 0.7271045463121815 0.277224332860808 0.16605155728928722
0 0.561210234815782 0.6491106330399405 0.2501780564841438 0.16101969191688453
0 0.48176179795933094 0.5258299314160759 0.17242001190123424 0.18617901877889773
0 0.564591019362865 0.45286788351623763 0.28398590195497403 0.2113383456409109
0 0.13861216643040397 0.3874536336750033 0.2704627637666419 0.19121088415130033
2 0.49190415160058004 0.6566587139092728 0.9702851650128279 0.6793012596528992
