6 0.9175414051294186 0.7210122201977075 0.16491718974116268 0.3486685960359063
6 0.715990244534639 0.49502331535962 0.20948812765943345 0.18079112387046992
6 0.6700750384722973 0.7683622764494972 0.272621535995153 0.3572776971725952
8 0.17648657330212544 0.8350828102588372 0.16931232235488455 0.30131853978411655
8 0.42471595059846334 0.8988429061157004 0.09756992539642334 0.2023141877685992
8 0.34292919527811366 0.2582730341006713 0.14061531856592105 0.16357292159709177
8 0.3816701503932143 0.43475960740279673 0.14348501894481738 0.12913651705033571
8 0.3386246447097691 0.6908803662192957 0.2008790265227444 0.2884048880790829
8 0.6356386339255411 0.23029345540643192 0.33001554357308005 0.2367502812589487
8 0.5179809183907909 0.42830278155027995 0.15783352083929914 0.2109229778488816
6 0.21379267822777792 0.46058691081286385 0.15783352083929914 0.19800932614384806
6 0.060263707956823315 0.6263121076941279 0.12052741591364663 0.26257758466901593
2 0.49789301573851646 0.5423733716114099 0.9785678292036547 0.8523010125322155
