1 0.25133051998447814 0.7665890570430733 0.3170944897167249 0.32712456344586727
1 0.1356063251843229 0.5395809080325961 0.23450717889018244 0.23399301513387663
1 0.41191695770275516 0.738649592549476 0.32423166472642606 0.17578579743888242
1 0.3441137951105937 0.6135040745052387 0.17639018238261542 0.23981373690337604
1 0.33442762902599926 0.45925494761350405 0.15090027163368258 0.1827706635622817
1 0.16109623593325573 0.36961583236321305 0.12846915017462165 0.3643771827706635
1 0.24776193247962752 0.34516880093131547 0.1325475358944509 0.20605355064027944
1 0.5021512417539775 0.15366705471478462 0.123371168024835 0.29336437718277064
1 0.8741918897943346 0.46507566938300343 0.25161622041133086 0.17578579743888234
1 0.7912068296468763 0.5832363213038417 0.28140861466821887 0.27939464493597205
1 0.6790511659150249 0.7374851023538522 0.18964493597206059 0.30151338766006985
1 0.532739134652697 0.4569266589057044 0.21513484672099345 0.31082654249126895
1 0.3074083236321304 0.25902211874272413 0.2355267753201397 0.2270081490104773
