1 0.5465657741559953 0.8084982537834691 0.24097788125727582 0.09429569266589055
1 0.5640279394644936 0.4708963911525029 0.09778812572759023 0.08032596041909201
5 0.4967986030267753 0.4738067520372526 0.07159487776484283 0.04656577415599528
7 0.4845750873108266 0.4435389988358556 0.06810244470314317 0.03492433061699657
8 0.11786961583236323 0.5145518044237485 0.22176949941792784 0.14668218859138527
8 0.8591385331781141 0.6332945285215367 0.18509895227008158 0.16298020954598372
8 0.37019790454016305 0.4738067520372526 0.19557625145518037 0.0768335273573924
0 0.4059953434225844 0.6076833527357393 0.2671711292200233 0.12572759022118732
1 0.5657741559953435 0.6175785797438883 0.150174621653085 0.05937136204889413
7 0.4775901929960028 0.5238649031725058 0.11350407450523861 0.023282887077997715
1 0.7238067641192916 0.42724107135199363 0.18684516880093127 0.041909196740395845
1 0.8399301513387661 0.4755529685681024 0.16414435389988355 0.07334109429569274
3 0.4644935972060536 0.39231664726426074 0.045401629802095445 0.039580908032596014
2 0.5064027939464494 0.5814901047729919 0.960419091967404 0.5552968568102444
