0 0.5172605649519902 0.6932175471473829 0.10137846261865292 0.1525417585409889
0 0.3093195137853216 0.8542338478295377 0.08640209882271556 0.1050843225504589
0 0.27648671623268967 0.7152513567144146 0.06451356712096089 0.10508432255045903
0 0.3692249437280148 0.6754209201947048 0.1532198361612725 0.10338964546928767
0 0.30759147180886726 0.633048297945104 0.09446629471283564 0.09321996355282643
0 0.482699725422904 0.5703366861004752 0.05990545518374951 0.10338941412222574
0 0.7401779799145964 0.7330478952108632 0.08870615479132127 0.15084685011275567
0 0.6013586290617262 0.7101667130816192 0.08985818277562416 0.14237230797158965
0 0.5783180481200425 0.6279635726604043 0.08294601486980696 0.07966069612696089
0 0.7240495881343562 0.5762688655992914 0.08640209882271563 0.09152505512459327
0 0.6906407765895728 0.6389804774439202 0.0794899309168983 0.11525377311985814
0 0.6272792374529147 0.5805061366698745 0.08870615479132127 0.1237283152610243
0 0.7960513637228182 0.6711837784063033 0.09907440665004713 0.17966029339272027
8 0.5754379781592854 0.9533880045523836 0.05184125929362942 0.09322399089523273
8 0.23098161085272614 0.9254200018153327 0.08179398688550403 0.06779633712932849
8 0.3640408430397081 0.7949120528413754 0.029952727591874718 0.10169450569399259
8 0.7948993091689829 0.9576232619517637 0.1889325894256713 0.07457597084226122
0 0.45274699783102934 0.8940641958930183 0.12441902230471037 0.15762648382568856
0 0.5345409847165334 0.8305051298342729 0.09446629471283564 0.06779633712932849
0 0.4585071377525437 0.77881042277316 0.07603384696398961 0.0898301466963602
0 0.5915663699395255 0.5118623453264294 0.16243594578670512 0.09830468883752616
0 0.8876375619053641 0.7737256974884603 0.12096293835180177 0.1237283152610243
0 0.5691018242456195 0.3974560264206877 0.10368251858725863 0.06949124555756164
8 0.8582608483056409 0.5440656054628604 0.1428514700535564 0.08135560455519411
8 0.8997338557405443 0.6932175471473829 0.09677035068144135 0.10169450569399259
8 0.7626425256085022 0.8449118514742551 0.06681762308956664 0.08305051298342747
8 0.6059667197433114 0.9008438296059512 0.09216223874422973 0.072881062414028
2 0.6215190975314002 0.691522461806691 0.7545783297183819 0.6067775711324073
