8 0.2018054820615938 0.8073341094295694 0.23008149010477297 0.1455180442374855
8 0.5043200338660176 0.540745052386496 0.24325113768652776 0.2689173457508731
8 0.30755000529156523 0.5325960419091968 0.1533876600698487 0.1012805587892899
8 0.3571298550111123 0.34866123399301513 0.13634458672875438 0.14784633294528526
8 0.48572759022118744 0.30093131548311997 0.1208508836913959 0.15250291036088473
8 0.5945708540586305 0.179860302677532 0.18824849190390525 0.15017462165308498
8 0.3718488728966028 0.23981373690337604 0.0991596994390941 0.06752037252619328
8 0.48572759022118744 0.06286379511059373 0.06972166366811301 0.12339930151338768
0 0.5957396233270975 0.04249142314406055 0.1549235901725091 0.0849828462881211
0 0.14564080855116945 0.0681024447031432 0.18747380675203726 0.1362048894062864
0 0.051903934655326125 0.16589057043073338 0.09915975839944473 0.2130384167636787
0 0.16771933537940523 0.27648428405122233 0.18824849190390516 0.19441210710128054
0 0.28818293009518603 0.14260769269980933 0.09761032913535825 0.22700814901047725
0 0.12859779149040987 0.49645100068155484 0.2463499658411867 0.33422261816519927
0 0.03524817440999048 0.8072775151316032 0.07049634881998096 0.15261609895681758
0 0.13673191679794727 0.6880094346667883 0.1417673827918298 0.07683352735739234
2 0.3478336331886972 0.45221348719213844 0.6956672663773944 0.8976684854527431
