6 0.41174515821780083 0.5430733410942957 0.09218753307228283 0.12223515715948785
6 0.582175891628744 0.6763678696158325 0.12937242036194313 0.12339930151338777
6 0.33388930045507464 0.7596041909196741 0.06817229336437723 0.1268917345750873
6 0.8618372314530638 0.6915017462165309 0.10148375489469785 0.20023282887078003
6 0.7681003280770452 0.6740395809080327 0.05655201608635835 0.1373690337601863
6 0.6263329452852153 0.5064027939464494 0.0921875330722827 0.14435389988358552
6 0.3253677637845274 0.4511059371362049 0.06817229336437716 0.11292200232828868
0 0.7436977457932056 0.4452852153667055 0.04957984971954715 0.09895227008149007
0 0.5465403746428195 0.3963911525029104 0.10303312519843366 0.12456344586728754
0 0.8889512117684412 0.32596041909196743 0.1262736797544713 0.13736903376018628
0 0.8374346491692242 0.46740395809080326 0.10535718065403742 0.14551804423748543
0 0.42840088898296114 0.4167636786961584 0.11155466186898082 0.12339930151338763
0 0.14486612339930152 0.45052386495925506 0.19367128796698066 0.2654249126891735
8 0.15067626203831094 0.1973224679860303 0.06429886760503756 0.0919674039580908
8 0.3753349560800085 0.1012805587892899 0.050354534871414953 0.11874272409778815
8 0.04687517178854698 0.08963911525029104 0.05963731649275468 0.1792782305005821
8 0.4012869086675839 0.7008149010477299 0.0929622182241507 0.10477299185098957
8 0.17972695523335805 0.7281722933643772 0.07901788549052811 0.07101280558789298
8 0.27811196952058415 0.6495925494761352 0.12859773521007511 0.07450523864959259
2 0.49541115461953644 0.5529685681024448 0.9365943486083184 0.6263096623981375
