0 0.7577453415714106 0.8582068887428486 0.29575030301332644 0.28358622251430277
0 0.5253701034895114 0.888628627842836 0.15797842272761536 0.18461431958285288
0 0.2195165292552329 0.814231812488552 0.24431546770666088 0.30034269902285005
8 0.20482086202475705 0.6241066176942709 0.1634892979390437 0.18461431958285268
8 0.5134298738647497 0.699881151851412 0.19655454920761437 0.13226100507428248
8 0.6916148390342692 0.6640604629771272 0.16348929793904377 0.13777188028571102
8 0.47669070578856015 0.5827750536085575 0.16348929793904377 0.17910344437142434
8 0.35545145113713444 0.5070005194514166 0.2039023828228523 0.19839150761142377
8 0.19747302840951914 0.3402965443057062 0.31044597024380216 0.14052731789142528
2 0.48312006020189335 0.6102175042285688 0.936848785942835 0.7795649915428623
