8 0.7477830731052627 0.8054792738266595 0.36249571323244967 0.15066518791002267
8 0.21597798483011219 0.7880948290678106 0.2409402644838437 0.1777076575348984
8 0.8660825723338167 0.5196017377922576 0.16496810901596504 0.1970237072669527
8 0.6804934496908559 0.6239084063453502 0.2409402644838437 0.189297287374131
8 0.10853165066839807 0.5524390223367496 0.15628557696249323 0.1854340774277201
6 0.48405118701200306 0.6837886103095805 0.13457924682881361 0.1854340774277202
8 0.3038886218715146 0.5640286521759822 0.16062684298922913 0.19316049732054183
8 0.5133547076615228 0.5138069228726413 0.2496227965373155 0.1777076575348984
8 0.6978585137977995 0.4809696383281492 0.12806734778870968 0.18929728737413107
2 0.4883924280077913 0.6586772958630476 0.955078525881903 0.5833447019080363
