8 0.17311661585365853 0.45243902439024397 0.10682469512195125 0.10975609756097562
8 0.06970121951219511 0.5317073170731708 0.0818231707317073 0.07317073170731696
8 0.05227591463414635 0.6341463414634146 0.08788414634146342 0.11951219512195124
8 0.13940243902439026 0.5670731707317073 0.045457317073170744 0.10731707317073166
8 0.21440701219512193 0.5634146341463415 0.0757621951219512 0.08048780487804877
8 0.15379725609756098 0.649390243902439 0.07727743902439027 0.09390243902439017
8 0.17917759146341466 0.7579268292682926 0.06136737804878049 0.10853658536585371
3 0.10644588414634146 0.7597560975609755 0.08258079268292683 0.1024390243902441
8 0.03636585365853659 0.7548780487804876 0.06515548780487805 0.11951219512195124
8 0.24281783536585366 0.673780487804878 0.05833689024390242 0.10853658536585357
8 0.3564611280487805 0.5548780487804877 0.05833689024390239 0.09268292682926826
8 0.3700983231707317 0.4792682926829268 0.07045884146341465 0.10487804878048784
8 0.26895579268292685 0.476219512195122 0.05757926829268289 0.08414634146341463
8 0.2829717970331639 0.5810975614294702 0.04015396341463411 0.10365853658536589
8 0.44017835365853664 0.746341463414634 0.045457317073170744 0.10000000000000014
8 0.3121402124506076 0.6548780487804876 0.06667079461098017 0.12682926829268293
8 0.38449314024390246 0.6817073170731708 0.06288262195121952 0.1121951219512195
1 0.3435815548780488 0.7689024390243901 0.07348932926829263 0.0963414634146342
5 0.27577439024390243 0.776219512195122 0.045457317073170744 0.04512195121951223
8 0.5462454268292682 0.7615853660805888 0.0606097560975609 0.04756097515589559
8 0.493969512195122 0.6719512195121952 0.14697865853658526 0.21463414634146352
8 0.6076128048780488 0.7121951219512195 0.062124999999999986 0.18536585365853667
1 0.43411737804878053 0.3725609756097561 0.03333536585365849 0.062195121951219505
8 0.9447545731707317 0.7835365853658536 0.07727743902439016 0.13536585365853668
8 0.8530823170731707 0.5646341463414634 0.06364024390243884 0.07317073170731703
8 0.8098978658536586 0.6201219512195122 0.07121646341463418 0.103658536585366
8 0.9708620426829269 0.6914634146341464 0.058275914634146206 0.11707317073170728
8 0.7106493902439024 0.7182926829268292 0.13485670731707317 0.1
8 0.848157774390244 0.7597560975609755 0.08561128048780489 0.08780487804878064
3 0.8235350609756098 0.44939024390243903 0.07879268292682923 0.15
1 0.7837599085365855 0.5054878048780488 0.041669207317073215 0.04756097560975611
1 0.7663346036585367 0.40853658536585363 0.026516768292682968 0.06341463414634148
8 0.5473818597560975 0.3908536585365854 0.12955335365853657 0.10609756097560975
8 0.6905724085365854 0.49085365853658547 0.06894359756097543 0.09146341463414637
8 0.6451150914634147 0.4475609756097561 0.0492454268292682 0.12682926829268296
1 0.712922256097561 0.6432926829268293 0.06364024390243912 0.09634146341463413
2 0.5011364329268292 0.5969512195121951 0.9977271341463414 0.5963414634146342
