4 0.4138533178114086 0.4359720605355064 0.21303841676367874 0.15250291036088484
4 0.3793655413271246 0.6274738067520372 0.30296856810244466 0.14202561117578583
4 0.34269499417927823 0.7747380675203727 0.130093131548312 0.10593713620488941
4 0.6570139697322469 0.6839348079161816 0.24185098952270095 0.28288707799767165
4 0.6736030267753201 0.42840512223515714 0.2156577415599535 0.16530849825378355
4 0.760477299185099 0.5797438882421421 0.2968568102444703 0.23282887077997663
4 0.41996507566938307 0.30151338766006985 0.14493597206053552 0.08847497089639109
8 0.21871362048894066 0.2380675203725262 0.14580908032596043 0.15948777648428408
8 0.25101862630966243 0.14318975552968566 0.19470314318975557 0.07683352735739232
4 0.12223521152866358 0.42840511288808364 0.18335273573923166 0.16530849825378355
4 0.2256986527403771 0.49417917073915385 0.18073353780436713 0.24097759149799358
4 0.44222933643771833 0.18917345750873107 0.08294528521536676 0.09895227008149013
4 0.3536088474970897 0.24854481955762517 0.09080325960419096 0.10593713620488941
1 0.9634749708963912 0.5942956926658907 0.06722933643771839 0.10360884749708972
2 0.5037834691501747 0.4289871944121071 0.9534342258440047 0.7159487776484283
