0 0.6762767931678703 0.9458173610292604 0.15140525220176188 0.10836527794147927
0 0.641790041277469 0.8433471993273918 0.11607736002135084 0.11454249578081757
0 0.5030018934258538 0.8714213404501412 0.1682280580019578 0.12577215222991725
0 0.5467411885063628 0.7344195317711243 0.10766595712125308 0.08983725159279814
0 0.3987004974646399 0.6636726961417958 0.07065578436082234 0.0830994577233382
0 0.3482320800640526 0.736665463060944 0.10766595712125294 0.1257721522299171
0 0.23636042149275072 0.7108372532280146 0.1228064823414292 0.1280180835197372
0 0.10598370370045739 0.6603038352728424 0.14467612988168368 0.15721519028739664
0 0.48029110559558946 0.7007305624238249 0.07233806494084177 0.24256057930055477
0 0.7662788041989177 0.6737793869459856 0.11271279886131168 0.13475587738919706
0 0.23888384236278004 0.6299837267944964 0.10430139596121378 0.09208318288261808
0 0.9466454939951978 0.8568227870663117 0.1067090120096043 0.11005063320117771
2 0.5013196128458342 0.7613707072489636 0.9757227364113551 0.45816998312327023
