0 0.13789289871944121 0.6461001164144353 0.1828579743888242 0.15832363213038406
0 0.37545838183934804 0.7159487776484283 0.20384167636786962 0.12107101280558794
0 0.24693320721769496 0.8783469150174622 0.17761204889406287 0.16181606519208386
0 0.1210309953434226 0.9394644935972061 0.09967258440046567 0.10710128055878926
0 0.08056242724097787 0.849825378346915 0.07719004656577415 0.08614668218859137
0 0.08805660651920838 0.7875436554132713 0.11466094295692665 0.07566938300349235
0 0.30688664144353894 0.6437718277066355 0.08618306169965077 0.07916181606519203
0 0.3870743597206054 0.31664726426076834 0.11615977881257272 0.06286379511059366
0 0.31138314901047726 0.5413271245634459 0.17461437718277067 0.0954598370197904
0 0.30688664144353894 0.46332945285215366 0.11765861466821885 0.0884749708963912
0 0.465388533178114 0.3742724097788126 0.06295110593713624 0.13387660069848664
0 0.4556461001164143 0.2479627473806752 0.2383149010477299 0.08847497089639113
0 0.4800021810422608 0.16181593433305305 0.0666981955762514 0.03725261932479624
0 0.5107283178114083 0.13969742061225907 0.07868888242142023 0.046565577867449234
0 0.5613140279394645 0.07625145518044237 0.14388824214202564 0.06868451688009312
6 0.23456781140861466 0.5157159487776485 0.15138242142025607 0.1327124563445868
2 0.3353645054167867 0.5034921433024171 0.6617361374287273 0.9930157133951654
