6 0.09316313312263459 0.1502430908681699 0.05907906002898778 0.14341385946507124
6 0.40332819827482047 0.05975577477711301 0.08861859004348176 0.0921946239418315
8 0.24540532627425699 0.3517054172595795 0.06362360310814072 0.05463385122478904
8 0.521486318332796 0.11609693385267672 0.0704404177268701 0.04097538841859178
8 0.6157855872252188 0.17926732433133905 0.054534516949834855 0.037560772717042494
8 0.8066563965496409 0.31073002884098766 0.040900887712376176 0.04780461982169037
8 0.31939358855877203 0.6430673670240694 0.09678593592690063 0.10181034243676713
6 0.4832383515207395 0.8124049774035902 0.09540327969937344 0.09973258034622078
6 0.5212613977777362 0.5755400990813158 0.07189812383141188 0.07895495944075819
8 0.5482231942145156 0.4778852808256413 0.11199515442969926 0.0831104836218507
8 0.13619163841142445 0.8020161669508588 0.10093390460948207 0.07479943525966562
2 0.42545440288160274 0.5027322404371585 0.7054548306004302 0.994535519125683
