8 0.12048894062863795 0.5977881257275902 0.1589057043073341 0.27357392316647267
8 0.305151338766007 0.17520372526193248 0.31868451688009314 0.22235157159487776
8 0.2374854481955763 0.4121071012805588 0.10477299185098954 0.1746216530849825
3 0.44091967403958093 0.46216530849825377 0.08905704307334104 0.1885913853317811
3 0.5592258440046566 0.5069848661233993 0.11263096623981368 0.1827706635622817
3 0.6997962747380677 0.320139697322468 0.1493015133876601 0.12805587892898715
6 0.5509313154831199 0.15774155995343425 0.13096623981373695 0.14086146682188594
6 0.7360302677532015 0.13562281722933645 0.14318975552968566 0.09895227008149013
1 0.7255529685681025 0.21653084982537835 0.14668218859138535 0.07450523864959259
1 0.8355646100116415 0.2887077997671711 0.10651920838183941 0.11874272409778812
1 0.7914726426076834 0.37485448195576254 0.07770663562281727 0.22584400465657745
5 0.7827415599534342 0.540745052386496 0.11786961583236319 0.19441210710128062
5 0.6818975552968568 0.5261932479627474 0.0628637951105938 0.06519208381839342
1 0.8966821885913854 0.5547147846332945 0.16065192083818403 0.32945285215366704
6 0.26542491268917345 0.6041909196740396 0.3108265424912689 0.27473806752037255
2 0.33614669125012075 0.38183920319952036 0.12048892250557981 0.2467988927860576
2 0.5011641443539 0.4831199068684517 0.922002328288708 0.8591385331781142
