0 0.9150581688161517 0.24759539318975052 0.16988366236769678 0.30325637305411307
8 0.15234794057702675 0.6372222522402882 0.2998975208209188 0.4376104623818847
8 0.43305202006540666 0.8406727303651995 0.13675326949433894 0.15354753066031038
6 0.5530110283937743 0.8272373214324223 0.1271565488280695 0.2418373607899889
8 0.5170233258952639 0.34164325571919063 0.13675326949433902 0.16122490719332594
8 0.16554343149314718 0.3320465350529213 0.1727409719928492 0.17274097199284916
8 0.5542106184770579 0.09788655079594788 0.11995900832836746 0.1727409719928492
6 0.8769003508803666 0.7984471594336141 0.13195490916120434 0.13051540106126397
0 0.9342516101486905 0.5623678310433868 0.1314967797026192 0.21112785465792677
0 0.6693712664722906 0.6161094667744955 0.3454819439856983 0.23415998425697324
0 0.3622762051516699 0.5700452075764024 0.2063294943247921 0.14203146586078716
2 0.4930315242295904 0.5335776690445786 0.9764663277929114 0.7984471594336141
