8 0.7455276925882977 0.8309597455214717 0.21372631996629118 0.2569978594396305
8 0.5745466366152648 0.8652261267800893 0.13829350115465894 0.26556445475428475
8 0.4060800079359531 0.9240464680753903 0.19863975620396468 0.15190706384921954
8 0.1483512103295432 0.9004883309600907 0.2916735660716443 0.19902333807981848
8 0.1156636555111693 0.8052599595775088 0.11063480092372718 0.08566595314654336
8 0.25898601125327037 0.6917525716583387 0.15086563762326427 0.1413488226917969
8 0.3872217394430374 0.818109921331851 0.17600999174775733 0.171331906293087
8 0.5129431679190986 0.726018952916956 0.15589449221070636 0.15848201332110548
8 0.41362328981711627 0.5396955048232239 0.1634377740918697 0.1627653109784326
8 0.5468879363843331 0.5461204513092147 0.08297610069279536 0.1413488226917967
8 0.7945590248158585 0.6360697021130853 0.11063480092372714 0.14991541800645108
8 0.6198063279022441 0.5825284813964957 0.10309151904256389 0.12849892971981525
8 0.6650660191892235 0.44760460519068973 0.11314922821744816 0.16704860863575988
8 0.3029884888933891 0.4197631704180631 0.05783182775558465 0.1541987156637783
0 0.4815128267475852 0.6627653109784326 0.8373042888091168 0.6744693780431348
