7 0.3003492137722967 0.8643772575472525 0.13038416763678692 0.05937136204889398
1 0.6280559420240802 0.8469150174621655 0.09662404312633416 0.04307334109429575
1 0.1839348079161816 0.7316647264260768 0.08381839348079162 0.0756693830034925
1 0.10011641443538999 0.7380675203725262 0.12107101280558791 0.07217694994179283
1 0.5285215366705471 0.5972060535506403 0.09778812572759023 0.05355064027939456
1 0.4860302677532014 0.5552968568102444 0.07101280558789284 0.06519208381839349
1 0.640279394644936 0.6781140861466822 0.041909196740395845 0.08032596041909194
1 0.8364377182770665 0.7939464493597207 0.14784633294528518 0.10011641443538992
1 0.8923166472642607 0.5052386495925495 0.05937136204889413 0.069848661233993
0 0.4930151338766007 0.4254947613504074 0.2759022118742724 0.18509895227008144
0 0.33934807916181614 0.5535506402793946 0.23399301513387663 0.16414435389988363
7 0.0960419091967404 0.6251455180442375 0.11990686845168799 0.04656577415599536
3 0.3562281172529644 0.7863795344270552 0.2514550596219841 0.12689157567483575
0 0.32828870779976715 0.6903376018626309 0.1559953434225844 0.07450523864959252
0 0.5075669383003492 0.7223515715948778 0.16298020954598372 0.15483119906868453
8 0.1868451688009313 0.8323632130384168 0.08498253783469148 0.07916181606519217
8 0.030267753201396977 0.9452852153667055 0.046565774155995346 0.06053550640279383
6 0.06169967760566953 0.8183369332290201 0.10011641443538999 0.06064869499872671
8 0.7642607683352736 0.43247962747380675 0.11757857974388813 0.11059371362048892
8 0.869615832363213 0.7485450158461714 0.22351571594877784 0.12805587892898715
8 0.7939464493597206 0.6216530849825379 0.12339930151338763 0.08614668218859137
8 0.9126891734575088 0.3684516880093131 0.17462165308498256 0.11525029103608844
8 0.6926658905704308 0.2188591385331781 0.24679860302677534 0.05820721769499418
0 0.5285215366705471 0.19499417927823048 0.12805587892898715 0.0710128055878929
0 0.2712456344586729 0.3725261932479627 0.1140861466821886 0.0791618160651921
6 0.04481955762514552 0.4452852153667055 0.08265424912689173 0.1827706635622817
0 0.4330616996507567 0.3381839348079162 0.14901047729918518 0.10593713620488941
1 0.7165308498253785 0.5436554132712456 0.054714784633294614 0.06752037252619324
8 0.6589057043073342 0.7642607683352736 0.15832363213038414 0.11525029103608844
2 0.9318975418723687 0.5779976717112923 0.08498256468366677 0.06868451688009318
2 0.5023282887077998 0.529685681024447 0.9953434225844005 0.7590221187427241
