3 0.6312572759022119 0.1362048894062864 0.1763678696158324 0.10710128055878929
8 0.20343422584400467 0.459837019790454 0.18160651920838183 0.1839348079161816
8 0.3553550640279395 0.4429569266589057 0.10302677532013974 0.1408614668218859
6 0.3680151338766007 0.6041909196740396 0.10564610011641441 0.14435389988358557
6 0.4636204889406287 0.7235157159487775 0.12922002328288706 0.07334109429569267
6 0.5273573923166474 0.5512223515715948 0.12048894062863795 0.27124563445867284
6 0.5622817229336438 0.3562281722933644 0.06111757857974382 0.16530849825378344
1 0.4435389988358557 0.5448195576251456 0.06461001164144349 0.2747380675203726
1 0.7539289871944121 0.4551804423748545 0.1231082654249127 0.15133876600698484
1 0.7373399301513388 0.29103608847497087 0.13358556461001173 0.13969732246798608
7 0.6378055878928989 0.5541327124563447 0.11263096623981377 0.11874272409778819
8 0.6465366705471479 0.4610011641443539 0.0934225844004657 0.10477299185098957
6 0.6273282887077998 0.2991850989522701 0.07072176949941791 0.16530849825378346
