0 0.5312936554132712 0.7939464493597206 0.3304103608847497 0.25844004656577413
0 0.6654743888242143 0.5320139697322468 0.260605355064028 0.18160651920838178
0 0.39168364377182774 0.5483119906868452 0.2931810244470315 0.20023282887077998
0 0.5615424912689174 0.39173457508731085 0.2140686845168802 0.14086146682188583
3 0.6996012805587895 0.38766006984866125 0.11479045401629805 0.069848661233993
8 0.762425785797439 0.4767171129220023 0.1566734575087311 0.11292200232828868
5 0.8477564714007662 0.9761350407450524 0.16290525944879633 0.04772991850989527
8 0.3358396892020144 0.740977899951423 0.06670256111757858 0.09662398137369024
5 0.7554452852153668 0.6752037252619324 0.10858556461001172 0.048894062863795114
5 0.921156868451688 0.7386495925494763 0.15768626309662395 0.1781140861466821
8 0.39478608847497093 0.4161816065192084 0.08221478463329461 0.061699650756693813
3 0.4009909778812573 0.3550640279394645 0.1318538998835856 0.069848661233993
3 0.24819557625145522 0.42258440046565765 0.1520197904540163 0.058207217694994214
2 0.5457610593713621 0.6257275902211874 0.9084778812572759 0.7438882421420255
