0 0.10133001218713622 0.7223515715948778 0.1902364213474971 0.29452852153667053
0 0.36843747726280557 0.6763678696158324 0.3237901538853318 0.33294528521536676
0 0.6549568220678114 0.6071012805587894 0.28807229518335276 0.33178114086146687
3 0.8680992614959254 0.5180442374854483 0.13821258367287542 0.18393480791618166
0 0.8719816374417928 0.6798603026775321 0.18790699577997672 0.13969732246798608
0 0.2616721387514551 0.29743888242142025 0.20964830107683347 0.11525029103608847
0 0.8261696012805589 0.32305005820721766 0.08075341967403958 0.09196740395809083
0 0.9499673721260186 0.340512223515716 0.10006525574796271 0.06635622817229332
8 0.4204613149374273 0.320139697322468 0.05668268880966238 0.09080325960419089
3 0.47714400374708965 0.31257275902211873 0.05202383767462166 0.07334109429569267
8 0.6766981273646683 0.3341094295692666 0.16228331453725253 0.11641443538998836
2 0.5023294255675204 0.5343422584400465 0.9953411488649593 0.7310826542491268
