0 0.4145153733664529 0.7563860895194651 0.20245492389021044 0.31298734738736483
0 0.14408288379047826 0.8334473682322633 0.2556547579051563 0.32010069619162307
0 0.6805145434411819 0.6271602529087726 0.11083298753113709 0.13989585981707983
0 0.8467640247378876 0.5726245787427925 0.12117739970070986 0.16360702249794065
6 0.7374088103738322 0.7919528335407565 0.09457748269323688 0.12329804594047701
0 0.25491587132161536 0.463553230410832 0.34432114793006596 0.23474051054052367
0 0.29112131391512014 0.2880906265724608 0.26599917007472906 0.12566916220856314
0 0.7196755323688504 0.43509983519379886 0.12117739970070986 0.26319390575755686
0 0.4499818134966588 0.5406144900856146 0.12856626553611902 0.1422669760851658
0 0.1832438727181467 0.6129335553002562 0.3280656430921659 0.168349255034113
0 0.5393872059848673 0.33077071939801056 0.10048857536156433 0.12092692967239092
0 0.610320318004795 0.5038622069682956 0.1004885753615644 0.1825759526426296
8 0.91229871361583 0.7457160663130776 0.17540257276833984 0.18257595264262946
8 0.955380352518402 0.5583978811342759 0.06649979251868231 0.19680265025114607
8 0.8874027868326378 0.4078319981108087 0.1256107192019553 0.10907134833196054
8 0.5822426278302403 0.6971081828173127 0.12708849236903724 0.2039159990554043
2 0.5090928560596898 0.5785523694130077 0.9768080634410885 0.7350460431066901
