0 0.5473321628135334 0.7270385464094145 0.20570873233260323 0.3016045234683237
0 0.8315216623753113 0.6608326754041727 0.33695667524937734 0.4683452356296734
0 0.37652044757306824 0.6583806061076822 0.2791761367371043 0.5370031759314056
0 0.21397381532810955 0.6277297399015518 0.20019867700226562 0.3089607313577951
0 0.0743857469595574 0.6436681903287397 0.1487714939191148 0.30650866206130467
6 0.7613059781416428 0.2378507217595724 0.1083644214966391 0.08337035608067485
8 0.8981390188450262 0.3163169392472664 0.09918099594607653 0.24030279105606286
0 0.17264840035057766 0.40091332997618634 0.1506081790292273 0.12995967271399317
0 0.05693723841348837 0.4450505773130143 0.09550762572585146 0.1593845042718783
0 0.6299829885326007 0.4597626780839816 0.21672884299327833 0.1790010586438018
0 0.344378458146099 0.3432897015086611 0.16346497480001498 0.12260346482452185
6 0.5326386819326332 0.31141280065428545 0.17632177057080278 0.17654898934731147
8 0.7466124972607426 0.33593349361918984 0.22223889832361593 0.1520282963824071
2 0.5060067478360015 0.5480374877656126 0.9789531636899775 0.8067307985453536
