7 0.8984141696613858 0.6356228172293364 0.20171648023485333 0.1885913853317811
7 0.5578236511109986 0.6257275902211874 0.2405081110492484 0.08731082654249121
7 0.4577412436098598 0.5628637951105937 0.2141298020954598 0.07566938300349242
7 0.6540268847947556 0.45867275392459705 0.12878821430379106 0.0791618160651921
7 0.8534158779166878 0.4825378346915018 0.1986131497697018 0.08265424912689162
7 0.1466323644784127 0.5954598370197904 0.21878479779318724 0.11292200232828861
7 0.20016481500227765 0.4348079161816065 0.1675798451181859 0.09429569266589055
7 0.21878479779318724 0.3428405122235157 0.13344321000151846 0.11757857974388827
7 0.08689325302424457 0.4644935972060536 0.13344321000151843 0.1490104772991851
7 0.9069483284405527 0.3538998835855647 0.12258155337348782 0.10710128055878933
7 0.577995299134484 0.36321303841676367 0.18464816267651968 0.06286379511059373
7 0.44998291744698077 0.460419091967404 0.18930315837424716 0.07101280558789284
7 0.8976383370450979 0.15133876600698484 0.0791349268613655 0.09545983701979045
7 0.47558539378448145 0.22235157159487776 0.15051152755985214 0.06984866123399304
7 0.6035977754719846 0.2718277066356228 0.13344321000151843 0.08032596041909194
7 0.4267079389583439 0.29918509895227013 0.2606797590727337 0.08381839348079165
7 0.7704018094457674 0.28405143733426497 0.19085482360682293 0.039580908032596014
6 0.7409202201278913 0.635040763746534 0.1101682315128815 0.09895227008149014
6 0.05042912005871337 0.18969893538771465 0.10085824011742674 0.15145195460291763
6 0.9798283519765145 0.3771827800106358 0.040343296046970636 0.07683352735739227
8 0.622993590879182 0.7857974388824215 0.09154824872197188 0.07916181606519203
8 0.21800896517689936 0.7334109429569267 0.11947822290833629 0.07217694994179283
