8 0.9594686627456326 0.8651537355598274 0.08106267450873475 0.26969252888034506
8 0.6259428159143401 0.8843896832344956 0.2929945095769252 0.22373581485168628
8 0.36180382621999096 0.9094787554832748 0.2929945095769252 0.18104248903345038
8 0.16536432548091612 0.8503787289186784 0.14427759941287982 0.2992425421626433
8 0.1254105287204263 0.6754288750239584 0.14427759941287982 0.2786144109473828
8 0.5948676406561814 0.633214570334961 0.3285089955862494 0.2532858281339845
6 0.32517951252287525 0.6226609941627116 0.21530657143152834 0.23217867578948564
0 0.8234921443412062 0.46013592111007157 0.24416209131410427 0.38837160313877606
8 0.5205091855741588 0.43058590782777345 0.2508210574408527 0.17730007969378903
2 0.5171797025107845 0.6139786226602929 0.958891122251755 0.772042754679414
