6 0.44583271871103425 0.772506155178288 0.7462164653603126 0.3968064403648037
0 0.16916347837617254 0.3503716441519012 0.3130314833503006 0.2110672555131935
0 0.06956255185562238 0.5614388996650946 0.13280123536073363 0.18573918485161023
0 0.317774384613184 0.4875653602354768 0.2940598782987673 0.10553362775659672
0 0.4110514427832231 0.38203173247888017 0.208687655566867 0.14774707885923546
0 0.4489946528862898 0.31449021071465827 0.2213353922678894 0.1646324593002909
0 0.5470146123192122 0.49178670534574076 0.1833921821648225 0.1139763179771245
0 0.651358454687554 0.38414267618405235 0.2656024707214673 0.1435257337489716
0 0.8126170830406795 0.2997155028287347 0.1391251037112447 0.10975497286686065
0 0.765188070411846 0.2321739810645128 0.10118189360817795 0.06754152176422189
0 0.6576823084531569 0.2870514674979431 0.1517728404122669 0.160411114190027
2 0.46006142249968435 0.5741029349958863 0.9074751082983464 0.8358263318322462
