6 0.7980642187772773 0.1751818939453815 0.11478264204937773 0.13475530303490885
6 0.13246229558904127 0.4806921610630917 0.26492459117808254 0.4341032363427287
0 0.670161095461594 0.43085678367727664 0.1197066671249113 0.12210516136602984
0 0.33949595758376505 0.4430672998138796 0.14129311529497735 0.2930523872784715
0 0.5416236086307465 0.5861047745569431 0.08242098392207005 0.286074949486127
0 0.4876574882055815 0.7256535304038344 0.21782688607975673 0.42562370533301824
0 0.4807890728787424 0.46225525374282717 0.10596983647123295 0.19885697708182007
0 0.12068786931445982 0.8592181612977842 0.24137573862891964 0.2771108860149761
0 0.9356537721595134 0.8495030512179502 0.12869245568097298 0.24072160383588737
6 0.3522515860478949 0.22327800935502595 0.12755628464129898 0.1604810692239249
2 0.499431914480163 0.5372627100105312 0.979239785169357 0.9070669130047928
