8 0.8746604578967792 0.5884749708963912 0.21265036864571216 0.18509895227008152
3 0.21342646488164532 0.5640279394644936 0.23748544819557624 0.1618160651920838
1 0.5091191307722158 0.33876600698486614 0.12107101280558794 0.2281722933643772
1 0.6263096623981373 0.41036088474970894 0.08847497089639106 0.17578579743888242
1 0.36398913465269694 0.30500582072176946 0.2095459837019791 0.10942956926658905
6 0.23282887077997672 0.40570430733410945 0.3073341094295693 0.1827706635622817
5 0.549476135040745 0.7438882421420255 0.0869227784245247 0.10477299185098957
5 0.7093519596429958 0.7590221187427241 0.14280170741171908 0.13271245634458664
3 0.7178890182382616 0.6187427240977881 0.20333721381451292 0.21536670547147843
1 0.5393868839736128 0.5628637951105937 0.21265036864571216 0.07566938300349242
1 0.3678696158323632 0.669965075669383 0.14901047729918507 0.08731082654249128
7 0.2615444315095072 0.6880093131548313 0.24679860302677536 0.17694994179278226
6 0.509895227008149 0.6600698486612341 0.12262320527745438 0.09313154831199064
3 0.7473806752037254 0.4708963911525029 0.1381451299961195 0.1641443538998835
