0 0.24301686575049536 0.8177572020590662 0.19833663482775857 0.1848235893779554
0 0.722512026872549 0.8770402401614291 0.14166902487697045 0.16390016416535658
0 0.8901346992765801 0.8369370085039484 0.21973060144683998 0.2510811025511845
0 0.5895610958341614 0.7863720642401683 0.14602807179626168 0.1360022638818917
0 0.4642384969045338 0.7270890261378051 0.10897617298228489 0.19877253951968776
0 0.35635208565207166 0.7009347446220567 0.11987379028051343 0.19528530198425473
0 0.4969313487992193 0.5858559059527638 0.14820759525590746 0.20225977705512085
0 0.6266129946481382 0.6521134191259931 0.09371950876476504 0.1813363518425222
0 0.7682820195251088 0.7253454073700886 0.1721823533120103 0.2092342521259871
0 0.12205331374015911 0.561445243204732 0.05666760995078814 0.1115916011338598
0 0.24955543612943248 0.5806250496496141 0.180900447150593 0.1917980644488214
2 0.5252651537746134 0.7196959647322865 0.932836040728359 0.560608070535427
