0 0.2081001262755941 0.9203583515551861 0.30459348091735006 0.15928329688962775
0 0.2650660826303657 0.7690276819149142 0.18601128605639702 0.241135798566541
0 0.091843072490346 0.6680113338667687 0.1650850163750523 0.1889983286062077
0 0.06510405737045238 0.8096016655004731 0.13020811474090477 0.1990909338656723
0 0.6266255199024873 0.7397003550622268 0.19298670928351186 0.1694467773710828
0 0.4929299080494519 0.5115989239857691 0.14415874669370773 0.17596396111612442
0 0.3162191862958748 0.6631234460579875 0.1488090288451176 0.17922255298864534
0 0.4080622587862209 0.6843042932293727 0.1418336056180027 0.13034367490083285
0 0.9266633873918605 0.7967257128313412 0.14667322521627896 0.15967100175352045
0 0.8033362416560643 0.6566062623129457 0.127882759163773 0.20529128796881188
0 0.9254061481305749 0.6305375273327792 0.08835536087678861 0.1596710017535203
0 0.8219373702617041 0.3828845450211967 0.15113416992082251 0.1727053692436036
0 0.6603400655002092 0.5588485061373212 0.11625705378524806 0.14663663426343704
0 0.1650850163750523 0.5572192102010607 0.13020790023947787 0.18248114486116607
0 0.23948953079761107 0.4724958215155193 0.13020790023947781 0.13034367490083285
0 0.30808119253090743 0.4040653921925821 0.09533078410390342 0.16292959362604115
0 0.4185253936268931 0.37147947346737376 0.08370507872537863 0.16944677737108274
0 0.5557087170934859 0.35192792223224884 0.16741015745075727 0.12382649115579128
0 0.6940546110979311 0.3926603206387591 0.13718332346659273 0.23787720669402013
1 0.5743098456991256 0.9122118718738841 0.2604158004789558 0.1755762562522318
0 0.44526451599750017 0.25091157418410337 0.10463134840672332 0.14989522613595788
0 0.5661718519341582 0.2769803091642699 0.12788275916377295 0.14337804239091617
2 0.5022304723522717 0.5946930167350502 0.9765592517960839 0.7657690900423934
6 0.9335443027716124 0.2867567127101069 0.11858219486095307 0.1368608586458745
