0 0.2625482625482625 0.6262886597938144 0.10038610038610038 0.12886597938144326
0 0.07528957528957529 0.5744916778249839 0.15057915057915058 0.1499857165149807
0 0.3745173745173745 0.4742268041237114 0.08494208494208494 0.051546391752577275
0 0.39575289575289574 0.36855670103092775 0.11969111969111963 0.07731958762886598
0 0.4845560112701971 0.38659797953163016 0.0656370656370656 0.07216494845360827
0 0.6227644220754547 0.43823753057176057 0.046017075522816885 0.05324381212554101
0 0.5736795415177833 0.4423332084275714 0.046017075522816885 0.06143516783716272
0 0.7523791847980554 0.5488208326786534 0.07516122335393419 0.04095677855810855
0 0.20400903481782134 0.5334620407193627 0.08896634601077925 0.14949224173709588
6 0.3129161135551546 0.2866974499067592 0.08283073594107038 0.09420059068364946
0 0.43486136369061923 0.30410408079395534 0.06902561328422528 0.0757700403325007
0 0.7738538200420367 0.3778262821985506 0.05675439314480755 0.06757868462087899
2 0.4992852694225627 0.479194309129869 0.9862993187057075 0.4914813426973015
