6 0.85774396774672 0.9265487410282202 0.28260928417088466 0.14690251794355974
6 0.5131589633629221 0.7692778604570083 0.11899338280879355 0.2197936744162881
6 0.5825717700013849 0.8773120394073873 0.0991611523406612 0.15273797713674256
6 0.43878809910742617 0.8847626724384479 0.12395144042582651 0.17508987622992436
6 0.7139602968527612 0.6575183649910992 0.07437086425549594 0.1601886101678032
6 0.6408289470015235 0.5643854521028415 0.08676600829807861 0.12293544501250012
6 0.20947793431964695 0.497329754823296 0.10659823876621088 0.10803417895037896
6 0.9648179015968498 0.44331266534810654 0.07036419680630061 0.13411139455909107
6 0.6792538935335297 0.9619392479257581 0.08428697948956206 0.07612150414848387
6 0.778415045874191 0.8121190003856068 0.10411920995769436 0.07450633031060605
6 0.3830099509158042 0.4880164635344702 0.1016401811491778 0.11175949546590928
6 0.9060850295127924 0.5625227938450764 0.057017662595880265 0.16391392668333352
6 0.7920497043210319 0.5643854521028415 0.15617881493654154 0.12293544501250012
2 0.5478653666821535 0.6631063397643946 0.8726181405978192 0.5886000094537885
