0 0.6844611279460504 0.786285952831189 0.11650402177805112 0.1401301698114989
0 0.3112841831882304 0.786285952831189 0.14198927654199983 0.11937014465423999
0 0.08737801633353837 0.853756034592281 0.09465951769466655 0.11937014465423985
8 0.24939142161864072 0.933365525157784 0.14198927654199983 0.13326894968443198
8 0.42050670360515324 0.9619105597490153 0.14198927654199983 0.07617888050196939
8 0.5042439692581275 0.892681081762142 0.14198927654199978 0.1141801383649252
8 0.4041233087490916 0.8641356721295023 0.17475603266707673 0.10899013207561041
8 0.4732975884733328 0.7447659025166706 0.15291152858369209 0.1608901949687582
8 0.5989034869527942 0.8191853867928589 0.08373726565297425 0.3616292264142822
8 0.6025442376333582 0.5605206792459961 0.09101876701410241 0.09342011320766609
2 0.4004825748620508 0.767285323899711 0.7718391442795888 0.4654293522005778
