0 0.8915902233686757 0.6429649203575507 0.1842840759081723 0.33282889994979087
0 0.6277590643346735 0.7022185502728543 0.09413071503223193 0.19415019163737804
0 0.5296509951461501 0.6555720756586791 0.0755697289695383 0.18154303633624963
0 0.5833452762560852 0.5597576953701029 0.0981080691885235 0.19162876057715222
0 0.3685681518163447 0.7110435589836441 0.09280493031346808 0.19162876057715222
0 0.24527017297130854 0.8686330002477498 0.11666905525121703 0.20927877799873215
0 0.538268595818115 0.8908218143349818 0.22008026331479585 0.21835637133003644
0 0.10407410042296066 0.8610687070670727 0.18693564534570004 0.26475026132369733
6 0.22538340218985112 0.6417042048274378 0.11666905525121703 0.27987884768505145
6 0.3268059331752841 0.49167905674400925 0.2081482008459213 0.32274317570888816
6 0.7457539043046544 0.8946039609253202 0.1365558260326746 0.2107920781493594
6 0.5057868702084012 0.4437718665997212 0.1153432705324532 0.1765001742157982
0 0.7271929182419609 0.712304274513757 0.0623118817819001 0.18910732951692666
0 0.6575892205068596 0.550932686659313 0.10075963862605107 0.2546645370827947
0 0.3911064920353299 0.9299039957684799 0.07424394425077452 0.14019200846304017
0 0.33608659769463645 0.8547651286323255 0.046402465156734074 0.15128586361354138
2 0.5117529014428385 0.6475037170232028 0.967822844697596 0.7049925659535944
