0 0.6238952270081489 0.7951105937136205 0.11075979821497867 0.10710128055878926
0 0.573162592161428 0.7153667054714785 0.10069072564998059 0.08963911525029104
8 0.1719487776484284 0.9377182770663564 0.06196352347691112 0.05937136204889398
8 0.5445044625533566 0.8661233993015134 0.049570818781528914 0.048894062863795114
8 0.7067714396585177 0.8998835855646101 0.0704835079549865 0.06286379511059366
8 0.7981676367869615 0.8213038416763677 0.0642871556072953 0.08963911525029104
8 0.8663275126115638 0.8504074505238648 0.05344353899883586 0.04074505238649593
8 0.3985029103608847 0.9091967403958091 0.04259992239037644 0.07683352735739234
8 0.3388630190143577 0.8771827706635623 0.051894450911913095 0.05471478463329447
8 0.7141296080714008 0.8166472642607684 0.05266899495537444 0.08731082654249121
8 0.6215715948777648 0.9039580908032596 0.05189445091191296 0.06635622817229347
8 0.7470477299185099 0.7386495925494763 0.07358168412883202 0.0826542491268917
8 0.6738533178114084 0.7130384167636789 0.06661078773767926 0.061699650756693813
6 0.8593566162204113 0.7706635622817228 0.05654171517268139 0.09778812572759009
8 0.9538509895227009 0.7590221187427241 0.03175630578191701 0.020954598370197884
6 0.4585300737291424 0.7840512223515717 0.05731625921614281 0.09429569266589055
6 0.5003554520760574 0.7380675203725262 0.08519984478075279 0.1280558789289873
6 0.57432440822662 0.9365541327124564 0.06273806752037253 0.05704307334109416
6 0.33925029103608845 0.9580908032596043 0.07745440434613894 0.058207217694994144
6 0.12586340706247573 0.7182770663562281 0.02865812960807139 0.05587892898719446
0 0.2354613892122623 0.6239813736903376 0.08210166860690724 0.06286379511059366
0 0.28038494373302286 0.6903376018626309 0.19673418703919288 0.07450523864959252
0 0.25327590221187424 0.7694994179278232 0.06041443538998834 0.07683352735739234
0 0.32414668218859133 0.770081490104773 0.07822894838960036 0.052386495925494644
0 0.21416142801707408 0.8533178114086146 0.15413426464881644 0.2165308498253782
2 0.5321117578579745 0.7677532013969732 0.9000201785021343 0.4225844004656578
