1 0.33488552580519987 0.7025611175785798 0.28793170353123787 0.14784633294528518
1 0.6977105161039969 0.5093131548311991 0.3197516492045014 0.27590221187427244
6 0.8273185875048505 0.23341094295692663 0.12262320527745431 0.24796274738067517
6 0.9512999611951882 0.4074505238649593 0.09740007760962356 0.2817229336437719
6 0.35234769111369807 0.17636786961583237 0.22972448583624366 0.25960419091967407
6 0.18006105907767328 0.8637951105937137 0.2840646870338875 0.2724097788125728
1 0.42026284409901593 0.9772991850989523 0.18705265754223055 0.045401629802095445
1 0.6608459824857331 0.14726437293321878 0.2708575863407063 0.21071012805587894
1 0.559953434225844 0.03958090803259604 0.1854870003880481 0.06984866123399301
6 0.40162980209545984 0.3818393480791618 0.12495149398525413 0.24447031431897556
5 0.25184322856034147 0.4866123399301513 0.13736903376018625 0.15599534342258445
6 0.26270857586340707 0.6391152502910361 0.2599922390376407 0.16763678696158324
6 0.6255335661622041 0.3492433061699651 0.20644159875824591 0.1792782305005821
1 0.5339542103220799 0.6018626309662398 0.2002328288707799 0.1559953434225845
