1 0.16126855600539813 0.8275178553816325 0.032388663967611336 0.15636238546455275
1 0.11605937921727395 0.8581889386842947 0.07557354925775979 0.034880839834400205
1 0.09547908232118757 0.9688453960899781 0.05870445344129555 0.061342166605324454
1 0.15520153483237653 0.9636746122814234 0.03374989827473959 0.07265077543715322
1 0.3491902834008097 0.9159227425481294 0.05600539811066128 0.06374774176631746
1 0.5344129554655871 0.44022025446174057 0.07692307692307693 0.1900404377184563
1 0.20445344129554655 0.43420631655925773 0.06477732793522267 0.1130620325666765
1 0.29453440673056136 0.37887806315024264 0.047908232118758394 0.055328228702841716
1 0.3383940620782726 0.3476056107635055 0.04385964912280709 0.05051707838085548
1 0.8728070175438596 0.6296592983899485 0.05465587044534402 0.10464251950320062
1 0.8387314439946019 0.9044962605334121 0.0593792172739542 0.12268433321064891
1 0.9551282051282051 0.9081046232749018 0.08029689608636971 0.14914565998157342
1 0.6865721997300943 0.7042321283807351 0.06680161943319846 0.07818119273227624
1 0.3667341430499325 0.7439241185371216 0.12078272604588391 0.07096446724929706
1 0.21963562753036442 0.6916028587855213 0.07219973009446694 0.10825088224469034
1 0.07456140350877191 0.8112802230449289 0.11268556005398109 0.19124322529895296
1 0.7223346828609987 0.5196042347745133 0.22469635627530374 0.25739654222626357
1 0.3603238866396762 0.5442613801746928 0.19028340080971662 0.21048782658689788
6 0.12348178137651823 0.38549341954914706 0.07827260458839408 0.07337004241029006
6 0.039136302294197026 0.6283980378902707 0.07827260458839405 0.09273158953659738
1 0.09412955465587045 0.5514781056576722 0.04385964912280702 0.06134216660532438
1 0.5121457489878543 0.7866230776447495 0.14844804318488528 0.10343973192270398
1 0.6241565452091768 0.8918669909381984 0.052631578947368494 0.13591499659611103
1 0.7537112290916909 0.8323290155860881 0.04993252361673412 0.22371848997235985
2 0.5026990553306343 0.639281599033921 0.9878542510121459 0.7084418849124731
