0 0.6773066860434314 0.8761881357199425 0.19527810371510163 0.19389549558729427
0 0.7687790609415578 0.7920448074462111 0.12744465716143466 0.19389549558729413
0 0.5005286132066025 0.8841325855974697 0.1295002161479094 0.23173482880506086
0 0.6197510344221382 0.6731466261898515 0.14594468803970756 0.2853556350152631
0 0.4070006793220012 0.7371687237894298 0.11100018526963666 0.18657868443305659
0 0.2168614730730865 0.4353502636771322 0.07194456452661636 0.11706897846780023
0 0.133611334120859 0.2999892573237382 0.0698890055401416 0.1243857896220378
0 0.26105599128229373 0.39510780232882586 0.04933341567539408 0.12438578962203778
0 0.23330594496488452 0.3146228796322132 0.07605568249956587 0.12438578962203778
0 0.4943619362471783 0.680463437344089 0.10072239033726298 0.1829202788559379
0 0.4162506947611376 0.5652236616648482 0.09661127236431341 0.15731143981610665
0 0.34019501226157167 0.424375046945776 0.08427791844546487 0.12438578962203778
2 0.45530631550415795 0.5798572839733231 0.8242791535763763 0.7938740102347706
