0 0.8670715249662618 0.8115159694107064 0.2388663967611336 0.3562753036437247
0 0.7898110661268555 0.5074224021592443 0.15587044534412953 0.12715549557654826
0 0.689608636977058 0.5032238716449244 0.10256410256410248 0.11156095366621685
0 0.6771255060728746 0.5847953216374271 0.10458839406207815 0.10436347278452551
8 0.561740890688259 0.5272154745838956 0.0964912280701754 0.1547458389563652
8 0.5053981106612685 0.24711351027140505 0.03508771929824562 0.05038236617183991
8 0.41093117408906876 0.18293597240965664 0.03238866396761132 0.03958614484930273
0 0.6585695006747637 0.3808666966561704 0.07017543859649117 0.10196431249062833
0 0.6298920377867746 0.32028789923526774 0.07085020242914972 0.08876893087419407
0 0.5600539811066126 0.26690658269605644 0.052631578947368494 0.08517019043334834
0 0.6140350877192983 0.45344129554655876 0.04588394062078272 0.13675213675213677
0 0.941970310391363 0.6309791572949469 0.11201079622132255 0.1439496176338281
2 0.6433873144399459 0.5710001499475184 0.713225371120108 0.8517019043334833
