8 0.4317789970591893 0.9332910599828358 0.2797058911767076 0.1040845048307996
8 0.17244003970602845 0.935998425791238 0.21181611176488535 0.12800314841752397
8 0.31772416764732797 0.7748513137403965 0.10590805588244265 0.29606259151871855
8 0.6924757500005866 0.7309045228118367 0.15750428823542756 0.36545226140591835
8 0.9222744279415341 0.6592018639283971 0.15545114411693162 0.3191924814811187
8 0.8622001985301422 0.43137244779875816 0.23354084117666843 0.18735210869543914
8 0.7786957698536008 0.5470218976107576 0.16972444852955562 0.22435993263527906
8 0.49287979852982927 0.4660672827423579 0.2769903000002348 0.25674177858263875
8 0.5648429647063609 0.22204694363903904 0.24983438823550577 0.1850391196991992
8 0.6795766136243243 0.44062440378371803 0.11541262500009779 0.22898591062775892
2 0.6137235041084518 0.5308309746370772 0.7114850917847383 0.8951267415448754
