5 0.40755735492577594 0.6497975708502024 0.3130904183535762 0.41430499325236164
6 0.840080971659919 0.7753036437246962 0.136302294197031 0.21187584345479082
6 0.9635627530364371 0.5587044534412955 0.0728744939271256 0.20782726045883948
6 0.848515519568151 0.3265856950067476 0.09649122807017534 0.15384615384615383
6 0.6855600539811064 0.26180836707152494 0.1147098515519567 0.18083670715249656
6 0.1258434547908232 0.7813765182186233 0.1329284750337382 0.1754385964912281
6 0.03913630229419702 0.5323886639676112 0.07422402159244262 0.11740890688259115
8 0.14473684210526314 0.5236167341430499 0.10863697705802966 0.175438596491228
8 0.6629554655870444 0.5377867746288798 0.0789473684210526 0.13900134952766535
8 0.5614037082680614 0.4014845854054718 0.1808371061447605 0.20107983207949978
8 0.423076923076923 0.41835357624831304 0.08367071524966263 0.14844804318488528
8 0.6774628879892037 0.7941970310391362 0.17678812415654513 0.30364372469635614
8 0.9561403508771928 0.8670715249662616 0.08771929824561425 0.2253711201079622
2 0.5104588394062077 0.554655870445344 0.9696356275303643 0.8717948717948716
