0 0.181215634957907 0.5094014305509669 0.24257210978617472 0.21403421451721294
0 0.14411637110825676 0.6742077757292207 0.20832663546342065 0.15838531874273756
0 0.8681388489696065 0.7491197508102454 0.2637223020607873 0.3082092689047866
0 0.6549446964226717 0.661365722858188 0.16266600303308187 0.2868058474530655
0 0.4808635352820052 0.6528043542774995 0.214034214517213 0.32961269035650786
0 0.31819762439372956 0.6164185378095733 0.1683735820868742 0.2996479003240981
0 0.09274815962412564 0.41308603401822097 0.1512508449254972 0.3296126903565079
0 0.2682562155282403 0.31677063748547524 0.1883501087751474 0.33389337464685226
0 0.428068429034426 0.2589813995658277 0.1883501087751474 0.47515595622821283
0 0.6050033797019887 0.28680584745306537 0.13127431823722396 0.30820926890478667
0 0.8975168062088464 0.4344894554699424 0.12271294965653538 0.1412625815813606
0 0.809049330875065 0.1541046344523933 0.1569584239792894 0.2397183202592785
0 0.6706405388206007 0.3916826125664998 0.18835010877514746 0.2268762673882458
2 0.5151090096047592 0.48585766695407334 0.9503119124564257 0.8347334366171304
