0 0.38677869089885236 0.7365859004667604 0.08190608238689386 0.0820116314621346
0 0.4436579462623415 0.6940613995962136 0.05915439283497896 0.0941615027898584
0 0.6142956179017037 0.69861760134411 0.11830878566995778 0.09719897062178916
0 0.2309296332100859 0.675836495051656 0.07963091343170234 0.06986176013441096
0 0.30714780895085186 0.6925427388449773 0.07280540656612786 0.07289922796634202
0 0.30373505551806457 0.6393869786214572 0.13878530626668117 0.12453618110916743
0 0.216141050743192 0.595343695058459 0.11830878566995773 0.11542377761337469
0 0.3583391104426605 0.5923062272265279 0.1342349683562982 0.10934884194951273
0 0.500537170142129 0.6226809055458372 0.12285912358034075 0.09719897062178923
2 0.43455727044157555 0.6803927943525245 0.5915439283497886 0.3462713328401242
