0 0.23572471494026404 0.8255067605806963 0.19962273157103438 0.3489864788386076
6 0.47782038771344604 0.8218278784189873 0.3015577434370944 0.3563442431620254
0 0.04884385985248714 0.6030441038126583 0.09768771970497428 0.2878165040924051
0 0.15077887171854726 0.6030441038126583 0.10618230402714596 0.3700497909759494
0 0.2569611757456932 0.48312056044082285 0.13166605699366102 0.26725818237151894
6 0.1056286901089092 0.18820463997244224 0.2112573802178184 0.17475733134557847
6 0.7865966284706005 0.8662348576062877 0.27867994837244126 0.26753028478742463
6 0.8189307033465858 0.5755463297951563 0.11093085224615094 0.13335829592814596
6 0.09788016374660387 0.4141126031452954 0.16095849149441527 0.1403771536085747
2 0.4915759334829438 0.5403584316624652 0.9657509489664915 0.9192831366750696
