8 0.6772189140763646 0.66169495989317 0.18264114905664314 0.14402395430939627
8 0.6953021961611807 0.27989560931826085 0.2043410875584224 0.14674138740957365
8 0.9358098478892353 0.23641667971542418 0.0922247386325624 0.11956705640780071
8 0.2929491697740215 0.6467490778421948 0.16998285159727178 0.2771781762180836
8 0.08227897102127922 0.7160435237128331 0.16455794204255844 0.1494593659757656
0 0.48644028808155426 0.7364243701480454 0.19529944651601433 0.28261304241843815
0 0.5479234471699291 0.46060491048005053 0.17359950801423493 0.1929377501125876
8 0.46926117010097895 0.1915790335624989 0.17179117980575334 0.1766331515115238
8 0.6627522884085117 0.7975666149020344 0.16094121055486368 0.19837261631294212
6 0.8435851092566731 0.6467490778421948 0.05244151804596669 0.27174331001772906
2 0.5226068522511865 0.47962694218129154 0.933097355576513 0.8668611589565551
