8 0.33186141304347827 0.8579268292682926 0.2719644750795335 0.2280487804878048
8 0.903090204135737 0.7829268292682927 0.1938195917285259 0.24146341463414644
8 0.10685722942948975 0.9390243902439025 0.1716247186680993 0.12195121951219505
8 0.661294571845175 0.65 0.26710796659597036 0.18292682926829257
8 0.38204533404029695 0.6432926829268293 0.2687268027571581 0.16219512195121943
8 0.6378214475079534 0.16097560975609757 0.2978658536585365 0.18292682926829265
8 0.4896979387592789 0.31097560975609756 0.14731409066808054 0.13414634146341464
8 0.871743272799576 0.2695121951219512 0.14407641834570525 0.18292682926829265
8 0.1359822375397667 0.6371951219512194 0.17807197773064687 0.14268292682926828
8 0.3326708311240721 0.2914634146341463 0.1602647799575822 0.24390243902439018
2 0.4896979387592789 0.5231114457293254 0.9793958775185578 0.9196307670779345
