0 0.10292986703917315 0.757462318920017 0.1169657579990604 0.19031716555779313
0 0.20936870681831812 0.7783972071313743 0.08187603059934229 0.18651082224663726
0 0.8316265393733195 0.7403337740198155 0.1801272673185531 0.27025037509206634
0 0.13334096411892887 0.5861768699180031 0.15907343087872217 0.14464104582392287
0 0.3918352892968524 0.5519197801176003 0.18012726731855305 0.11419029933467599
0 0.5228369382558 0.5252753769395093 0.08187603059934219 0.20554253880241669
0 0.6222578325550013 0.5804673549512693 0.10292986703917315 0.17889813562432566
0 0.7403932481340525 0.6109181014405162 0.11930507315904165 0.2321869419805077
8 0.4854078956961007 0.8145574685873549 0.44680919555641074 0.2588313451585986
2 0.4924258411760444 0.7136893708417245 0.9193508578726148 0.475792913894483
