8 0.5450805410740497 0.8172293364377182 0.3148694133724756 0.23981373690337604
8 0.21907187958698182 0.5465657741559953 0.25100439084881304 0.0919674039580908
8 0.1299578946702434 0.2927823050058207 0.1143629473098142 0.0849825378346915
8 0.8666335033152806 0.36146682188591384 0.1203038796375968 0.1012805587892899
8 0.9379246912486713 0.290454016298021 0.10248108265424918 0.06635622817229336
8 0.4463125411246647 0.3416763678696158 0.15297900744040085 0.11059371362048889
8 0.5963210824011742 0.2869615832363213 0.1024810826542491 0.06635622817229336
8 0.7396460748089285 0.26775320139697323 0.07426165409728198 0.07217694994179279
8 0.8213338669124732 0.2980209545983702 0.09505491724452098 0.058207217694994144
8 0.4336880599281267 0.10244470314318976 0.19902123298071572 0.14435389988358557
8 0.3215529622412309 0.1391152502910361 0.20347693222655264 0.07799767171129222
8 0.6817227998661444 0.1944133689562199 0.09505467061333253 0.07217694994179286
8 0.5361691425823758 0.6589057043073341 0.10396631573619473 0.06984866123399307
8 0.49978093207470764 0.5529685681024447 0.0935696841625753 0.09080325960419089
8 0.4834433681733056 0.23457508731082655 0.08465828567090149 0.06635622817229332
6 0.720338044743635 0.052968568102444706 0.1188186465556511 0.07101280558789291
6 0.27031242091410634 0.3160651920838184 0.09208445108062968 0.061699650756693813
6 0.2903630675203725 0.22235157159487776 0.06980595485144502 0.04656577415599536
8 0.1960507668168244 0.18742724097788127 0.13367097737510755 0.08847497089639114
3 0.67875153215089 0.5011642191304889 0.09505491724452085 0.0314318975552969
3 0.4567091726982841 0.4732246798603026 0.10842201498203174 0.0477299185098952
3 0.5784982854178264 0.3905704307334109 0.13218574429316185 0.0919674039580908
3 0.27699596978286173 0.3783469150174622 0.14109714278483576 0.08847497089639113
2 0.527257744090702 0.49883585564610017 0.9030217138229487 0.9790454016298021
