0 0.7100342978628905 0.9009341934304649 0.21651939682464585 0.19813161313907002
0 0.8825031967128669 0.7873093239709967 0.22995853179996872 0.23070515040970874
0 0.43005231921033116 0.9087736888327366 0.316566290529827 0.18245262233452678
0 0.1381244428019293 0.8662164280775477 0.22249234570256715 0.26756714384490476
0 0.3389648488220318 0.6865156677832145 0.2269720573610081 0.2665428436772364
0 0.5547376270369376 0.7133940816067212 0.1866546524350396 0.23518486206814998
0 0.7122741536921109 0.6070009297187486 0.2657962250674963 0.28222183448177973
0 0.10377998675388199 0.6293994880109534 0.20755997350776398 0.28670154614022086
0 0.2553435645311341 0.42221282380805947 0.37928225374800034 0.3382182302122917
0 0.46514339386811854 0.3146997440054767 0.2105464479467246 0.20830659211750407
0 0.6652370710738942 0.3886148245127838 0.2523570900921734 0.19486745714218132
0 0.9076537609181264 0.44125159835643357 0.18469247816374718 0.17470875467919705
0 0.9295401691264971 0.6047610738895282 0.12991163809478748 0.13887106141166947
0 0.8981821875174103 0.2519837807873034 0.1956140757519215 0.21278630377594504
0 0.6868891209609456 0.2038268804590632 0.24489090399477192 0.16574933136231512
0 0.8830153467967011 0.09631380065648042 0.2339693064065976 0.13439134975322847
0 0.7085410606434102 0.0694355307058347 0.24937061565321295 0.13439134975322847
0 0.5024743243551265 0.12207214269251587 0.1956140757519214 0.1859080338252994
0 0.2859549275304806 0.13663120558244896 0.15678990804543325 0.15231019638699228
0 0.07466186097401584 0.20046709671523247 0.14633724750907104 0.2262254387512679
