0 0.8777062168658554 0.4016298020954598 0.14704231957856295 0.3050058207217695
0 0.8079813825114794 0.0919674039580908 0.24253088243392967 0.1839348079161816
0 0.29105941368374777 0.09720605355064027 0.19250617577318155 0.19441210710128054
8 0.23193273088165087 0.3940628637951105 0.15007411998224468 0.18742724097788124
8 0.16030644634467048 0.1885913853317811 0.11748226564266633 0.09080325960419094
8 0.6889766417366688 0.46623981373690326 0.0970176129178148 0.15017462165308493
8 0.44112695873568897 0.2532013969732247 0.09853351311965561 0.2060535506402794
8 0.1296094672573931 0.3346915017462165 0.0848904113030879 0.15483119906868448
6 0.5536825487223724 0.6722933643771828 0.46765521226790385 0.5762514551804422
2 0.5049266756559828 0.4697322467986029 0.9901466486880345 0.9022118742724097
