0 0.3759586588189056 0.9554495824893684 0.04236153902184846 0.08910083502126312
0 0.40419968483347135 0.8856839631800176 0.0529519237773107 0.10716460764455718
0 0.7395618687564388 0.8305257092453189 0.07060256503641427 0.16074691146683592
0 0.48274503843648203 0.7202092013759217 0.054716987903221014 0.0977089069700375
0 0.23651859287198757 0.8888358634048575 0.0741326932882349 0.08825320629551783
0 0.17032868815034927 0.8494371105943584 0.07236762916232456 0.0977089069700375
0 0.11914182849894896 0.7800953056478802 0.06530737265868312 0.12292410876875692
0 0.18621426528354246 0.633531945192824 0.09707852692506952 0.1260760089935968
0 0.09001827042142811 0.37034827641869056 0.08119294979187634 0.08510130607067787
0 0.41832019784075414 0.5342470881103665 0.03883141077002783 0.059886104271958514
0 0.3185940747268191 0.5484306391221461 0.05118685965140031 0.06303800449679847
0 0.710438310678918 0.49800023552470735 0.040596474895938144 0.06934180494647826
0 0.6530737265868314 0.7328168022752815 0.0423615390218486 0.08510130607067794
0 0.6239501685093106 0.7659117546361006 0.06177724440686234 0.10086080719487739
0 0.8366403956815083 0.6776585483405827 0.08119294979187643 0.10086080719487739
0 0.4430310956034992 0.8541649609316184 0.04236153902184853 0.11346840809423711
0 0.3256543312304605 0.7564560539615808 0.04765673139957961 0.0693418049464782
0 0.258581894445867 0.8053105074465995 0.06177724440686244 0.09140510652035772
0 0.5630554561654033 0.8746523123930777 0.04589166727366923 0.10401270741971742
0 0.5083385293244084 0.8273738083251415 0.06354230853277279 0.13553170966811648
0 0.919598409599295 0.5689179905836056 0.06354230853277286 0.09140510652035772
0 0.919598409599295 0.9282346162153564 0.0458916672736693 0.0977089069700375
0 0.77045049095987 0.9629055186885955 0.09707852692506946 0.07249370517131809
0 0.17121122021330443 0.44441793170242877 0.05295192377731066 0.09455700674519768
0 0.2594644265088222 0.46963313350114805 0.05648205202913133 0.09455700674519754
0 0.3768411908818608 0.24900011776235367 0.06883750091050381 0.1008608071948775
0 0.41743766577779895 0.34355712450755127 0.05118685965140024 0.09455700674519761
0 0.9416617111731744 0.4491457820396886 0.07589775741414527 0.0977089069700375
0 0.5392270904656136 0.512183786536487 0.1323798094432766 0.1481393105674762
2 0.5012782117585408 0.5689179905836056 0.9884359105097988 0.8415573600322587
