8 0.09778812572759021 0.8131548311990687 0.06519208381839348 0.04772991850989527
8 0.2724097788125728 0.7217694994179277 0.11331005044625535 0.06286379511059366
6 0.4501358168412883 0.6449359720605355 0.136592937524253 0.032596041909196745
0 0.46177726038028716 0.6187427240977881 0.08226620100892518 0.07566938300349242
0 0.5603414823438106 0.6181606519208382 0.11486224291812185 0.06286379511059387
0 0.3911525100700878 0.5977880509510012 0.0776096235933256 0.0570430733410943
6 0.14357780364765232 0.589639115250291 0.13814512999611953 0.06402793946449357
4 0.14280170741171905 0.5337601862630966 0.15521924718665112 0.05937136204889406
0 0.7427240977881258 0.4022118742724098 0.06363989134652684 0.04074505238649593
0 0.3841676367869616 0.4423748544819558 0.10710128055878933 0.030267753201397057
0 0.9111369809856421 0.5186263096623982 0.09623593325572372 0.05238649592549485
0 0.7217694994179279 0.46973224679860304 0.10244470314318989 0.036088474970896414
0 0.6255335661622041 0.4563445867287544 0.06829646876212657 0.030267753201396914
0 0.5906092355452075 0.4330616996507567 0.15987582460225064 0.05587892898719438
0 0.2716336825766395 0.5093131548311991 0.08692277842452462 0.045401629802095445
8 0.2856034148234381 0.60011641443539 0.12417539774932092 0.11525029103608844
8 0.03880485475502391 0.6402228003469692 0.07760970951004782 0.08625987078452405
8 0.3919285991462941 0.5518044237485448 0.06674427629026006 0.030267753201396984
6 0.8700038804811797 0.43131548311990686 0.07605743112145916 0.06402793946449357
6 0.8490492821109816 0.3847497089639116 0.07450523864959266 0.03143189755529683
0 0.9406286379511059 0.3864959254947614 0.0869227784245247 0.039580908032596014
0 0.9491656965463718 0.4336437718277067 0.07605743112145902 0.043073341094295683
0 0.916569654637175 0.4871944121071013 0.12883197516492062 0.04074505238649593
4 0.5153279006596818 0.529685681024447 0.17694994179278226 0.09545983701979047
6 0.6775320139697323 0.5192083818393481 0.24369421808304226 0.10942956926658909
2 0.4974777713600075 0.6001162648822117 0.9918511720957358 0.480791861184567
