0 0.2673813219505884 0.4243304954845503 0.17515414133574772 0.13154855501460083
0 0.38363407062475746 0.5168800931315483 0.16120381149484758 0.13736903376018617
0 0.6665157590652351 0.7729918509895226 0.16275384814383656 0.16298020954598372
0 0.7068234349296313 0.9313154831199069 0.22321872343577254 0.1373690337601863
0 0.7192170051308584 0.6344586728754366 0.09145216229034617 0.1583236321303842
8 0.8816964988955587 0.815483119906868 0.23660700220888248 0.35506402793946434
8 0.5785511792351139 0.5518044237485448 0.11547773034967448 0.07683352735739227
8 0.5029868925969042 0.668800931315483 0.08835208899236839 0.08265424912689177
0 0.5053119475703876 0.4522700814901048 0.08835208899236832 0.06868451688009315
0 0.3018696052165694 0.344586691366071 0.1464784633294528 0.09313154831199066
2 0.5887396079855663 0.646682324123952 0.8225207840288649 0.7066353517520935
