8 0.0729045401629802 0.6775320139697323 0.13707799767171128 0.26775320139697323
8 0.23311989277273945 0.29569257241983415 0.1781140861466822 0.17927823050058206
6 0.36801513387660073 0.4348079161816065 0.08294528521536676 0.09429569266589055
6 0.7980209545983703 0.24039580908032598 0.11874272409778812 0.16647264260768338
6 0.3728172293364378 0.5797438882421421 0.10128055878928982 0.18626309662398136
5 0.25538416763678695 0.5715948777648429 0.07246798603026779 0.24447031431897556
1 0.1763678696158324 0.5681024447031432 0.08032596041909197 0.26076833527357385
1 0.49461583236321305 0.5715948777648429 0.10739231664726426 0.3911525029103609
1 0.5980791618160651 0.570430733410943 0.07159487776484291 0.2910360884749709
1 0.6906286379511059 0.5739231664726426 0.08731082654249135 0.27939464493597205
5 0.7827415599534342 0.5558789289871945 0.11786961583236319 0.2107101280558789
1 0.8818393480791619 0.5320139697322468 0.11175785797438877 0.37951105937136215
