8 0.9717560477170915 0.785287386646595 0.056487904565816933 0.1180200696694304
8 0.9551844100168739 0.9199513122950477 0.06614311596858187 0.1392031590972769
8 0.8754235937018193 0.934253333270853 0.12061391735447273 0.1314933334582939
8 0.7217381183630555 0.8473235771138596 0.10894160277178201 0.15736009289257397
8 0.8131712492608011 0.7928527757279688 0.13617700346472744 0.19972627174826685
8 0.3832409954650187 0.4614887339637985 0.11283237429934552 0.1543339372600245
8 0.22274666995301842 0.6627280835283403 0.1614670183938911 0.12709853656707892
0 0.07392465902370918 0.2829455516433781 0.12061391735447287 0.19670011611571744
0 0.2315009058900367 0.3056417188874994 0.14006777499229112 0.20577858301336593
0 0.5174726131659643 0.2814324738271034 0.09726928818909102 0.09683698024158396
6 0.639059223402328 0.31169403015259833 0.10310544548043644 0.13315084783217793
6 0.5768069283149629 0.4811587698727861 0.30542556491374584 0.1997262717482669
6 0.271381314047564 0.5220118466147885 0.2898624788034913 0.2148570499110145
2 0.05058002985832733 0.5506132100750998 0.10116005971665466 0.308962104617867
2 0.500972692881891 0.5650623460998143 0.9980546142362182 0.8698753078003716
