0 0.5684511091213937 0.852564643469703 0.16621377459689882 0.17983785448189052
0 0.40888588550837085 0.8092703451685072 0.13961957066139496 0.15319520937346226
0 0.803366577218344 0.8209265024034446 0.17507850924206678 0.1565255400120158
0 0.2581853863180275 0.7276774049620164 0.24156401908082614 0.14986487873490872
0 0.9122101610003088 0.6810526155841963 0.17557967799938226 0.20315016895176513
0 0.21829409063726035 0.5861381923854208 0.13075483601622706 0.1465345480963552
0 0.5562620989842878 0.6494144745179378 0.523019344064908 0.233123144698747
6 0.6039100477020655 0.4379384789697888 0.10859299940330722 0.08991892724094526
6 0.7557186285005661 0.4662462893974938 0.11080918306459907 0.0932492578794988
0 0.4354800894438747 0.34801955172884363 0.08643116279038736 0.08991892724094519
0 0.25929348837116206 0.43793847896978877 0.10637681574201523 0.12322223362648053
0 0.43326390578258267 0.4945540998251988 0.23269928443565824 0.11656157234937346
2 0.5784239355972077 0.6111156721745723 0.8244203220006179 0.7160210872890085
