0 0.6081199068684517 0.6047729918509895 0.07072176949941798 0.0663562281722934
0 0.5011641443538999 0.6135040745052386 0.1030267753201396 0.07450523864959244
0 0.06897555296856811 0.5814901047729919 0.05238649592549477 0.05937136204889413
0 0.1309662398137369 0.6094295692665891 0.04190919674039581 0.08032596041909208
0 0.1829161816065192 0.610593713620489 0.0480209545983702 0.07799767171129232
0 0.3326542491268918 0.5832363213038417 0.22700814901047736 0.1280558789289873
0 0.7630966239813739 0.5291036088474971 0.06635622817229332 0.045401629802095445
0 0.7578579743888243 0.5605355064027939 0.08905704307334104 0.05005820721769496
0 0.845605355064028 0.5424912689173458 0.08643771827706644 0.039580908032596014
0 0.8766006984866124 0.6140861466821886 0.08381839348079154 0.06402793946449364
0 0.965512223515716 0.6088475157837863 0.06897555296856822 0.07683352735739234
0 0.49112339930151344 0.5349243306169965 0.07072176949941791 0.06868451688009315
0 0.9513969732246799 0.5279394644935972 0.09720605355064023 0.061699650756693813
2 0.5100407450523865 0.5785797438882422 0.979918509895227 0.15832363213038414
