6 0.12969989816112595 0.502818528666086 0.2560741579078641 0.2286547834552178
0 0.29099336125893643 0.677084552949917 0.05986149145898125 0.12875706252818092
0 0.3799541888438113 0.6626548821493451 0.09810633322444147 0.17093610025292996
0 0.49967717176177373 0.618255895070662 0.1280370789539321 0.14429670800572006
0 0.5113169062121312 0.7470129575988429 0.14799090944025906 0.17537599896079825
0 0.5628643016351428 0.3940410103233124 0.1679447399265861 0.18869569508440306
0 0.7399545472012954 0.4007008583851149 0.15630500547622872 0.13097701188211508
0 0.8023102674710677 0.5039285033430531 0.16129346309781042 0.2042353405619422
0 0.6942270190034627 0.5993863255622217 0.16461910151219833 0.22643483410128382
0 0.731640451165326 0.8369209064331762 0.2727023499798032 0.25751412505636195
2 0.46143232999631345 0.6204758444245961 0.9128877447494633 0.7037239451971269
