8 0.8475730120969783 0.7450523864959255 0.3048539758060434 0.24447031431897565
8 0.6447169041352432 0.6309662398137369 0.21568146732803561 0.17927823050058195
8 0.46860290023789036 0.6158323632130385 0.1551665232575796 0.21187427240977882
8 0.6338552475072127 0.5285215366705472 0.16913151035076182 0.1490104772991851
8 0.5050670332034215 0.4935972060535507 0.2094748063977324 0.1490104772991851
8 0.3142122095965987 0.45401629802095456 0.13499487523409429 0.18393480791618166
8 0.44610375436554134 0.38766006984866125 0.11947822290833635 0.08381839348079162
8 0.4616204066912993 0.30908032596041907 0.0946515791871235 0.09662398137369035
3 0.17223484081591336 0.36030267753201395 0.2327497848863694 0.24097788125727587
3 0.35455550564356936 0.2933643771827707 0.1660281798856101 0.16530849825378344
2 0.5104978615174368 0.5355064027939465 0.9558257832666902 0.7310826542491269
