8 0.5979001689440505 0.9224758578471152 0.13766536714402705 0.15504828430576958
8 0.46057146804597365 0.9032451577439088 0.09245156372982005 0.14062527651025813
8 0.335727789463141 0.8335336538461539 0.07625575921474353 0.09735576923076905
8 0.35091145833333326 0.7247596153846153 0.05803535657051285 0.1322115384615384
8 0.41063388922275634 0.7367788461538461 0.053311548477564086 0.13701923076923095
6 0.4852025741185897 0.7067307692307692 0.10122445913461534 0.09615384615384613
8 0.4568597255608974 0.6141826923076923 0.17410606971153839 0.10817307692307679
6 0.6026229467147435 0.6117788461538461 0.09177684294871788 0.08173076923076912
8 0.5898012270259884 0.7626201923076918 0.0971755710391565 0.18389423076923073
8 0.657621569511218 0.84375 0.09919996995192307 0.17548076923076905
0 0.5152324969951922 0.5606971153846153 0.08435371594551277 0.14783653846153846
8 0.22910469250801277 0.7506009615384616 0.07760541866987179 0.1598557692307692
8 0.25373597756410254 0.6646634615384616 0.06883263221153847 0.1995192307692308
6 0.3468624815243267 0.33894247310469366 0.12956734504538045 0.17307724402632907
6 0.8297031500400641 0.7391826923076924 0.15183668870192307 0.09134615384615387
2 0.5540352063301281 0.6328125 0.7598582732371796 0.7151442307692308
