0 0.9039340562181921 0.6708738141661115 0.16984147194078758 0.22079391352302408
0 0.4736689939681968 0.6680431229670982 0.12455041275657756 0.24910082551315527
0 0.1849384916688577 0.6482282845740063 0.13587317755263018 0.18682561913486637
0 0.139647380256651 0.3566671819876754 0.1434216874166651 0.18116423673684018
0 0.22456816845504146 0.16134939834374828 0.13209892262061262 0.1755028543388139
0 0.3377958164155666 0.09907419196545948 0.17738998180482274 0.11888903035855139
0 0.5152185906816753 0.08492105416246805 0.16977599147420896 0.0905821183684201
0 0.6472847208410019 0.04812175038322317 0.10190488316447265 0.09624350076644635
0 0.905821183684201 0.08492073597039385 0.10567913809649014 0.1698414719407877
0 0.7661737511995532 0.133042486353617 0.08303360850438508 0.0849207359703938
0 0.32269879668749657 0.3849740030657854 0.12455041275657766 0.1471959423486827
0 0.4510234643760917 0.2943918846973653 0.10945339302850762 0.18116423673684018
0 0.760512368801527 0.2943918846973653 0.15474445221271765 0.2377780607171028
0 0.6057679165888094 0.37082054707071976 0.1924870015328927 0.2774077375032865
0 0.3170373272428093 0.24626986157807856 0.0981306282324551 0.175502854338814
0 0.6321877011129319 0.6652124317680851 0.19248700153289278 0.22079391352302394
8 0.15851873325873347 0.9143137572973572 0.12832466768859516 0.14153455995065628
2 0.0622752063782888 0.6850278156333042 0.1245504127565776 0.3623284734736804
8 0.4963145235603018 0.5236778718174288 0.9775320273925335 0.8888370364901224
