8 0.182123916699004 0.5849825378346916 0.12831457767429824 0.0733410942956926
8 0.3259604190919674 0.5675196948633556 0.15935842711162845 0.10826406958701351
8 0.4977363859785271 0.5634456195900925 0.13452334756176418 0.10942907387168704
8 0.6643383779588667 0.5873108265424913 0.16556719699909445 0.08032596041909187
8 0.9209675333074634 0.579161816065192 0.1241753977493208 0.07799767171129211
8 0.9013064286638209 0.49941792782305 0.12624498771180953 0.07450523864959259
8 0.09727072823696804 0.40570430733410945 0.14073211744923037 0.06868451688009315
8 0.549476135040745 0.420838183934808 0.06829646876212657 0.036088474970896345
8 0.3435519337731212 0.26658905704307334 0.11589703789936621 0.044237485448195564
8 0.1448712973742077 0.30966239813736907 0.1324537575992756 0.04656577415599532
8 0.2856034148234381 0.2991850989522701 0.1283145776742983 0.06286379511059373
8 0.08899243759770624 0.5116414435389989 0.1531497956455483 0.13620488940628644
8 0.4853188462035959 0.45052386495925495 0.19661104643642482 0.069848661233993
8 0.6332945285215367 0.4959254947613505 0.08692277842452462 0.09080325960419096
8 0.31975164920450133 0.49825378346915017 0.24628120553615307 0.06752037252619324
0 0.7491915664209029 0.49650756693830034 0.14073211744923028 0.09429569266589062
0 0.5194670805846592 0.38707799767171125 0.15728883714913983 0.054714784633294544
2 0.4967015909972836 0.4377182770663562 0.9768464622946577 0.4307334109429569
