8 0.44792337539186033 0.9641713356389513 0.21500322018809293 0.0716573287220973
8 0.7202607876301115 0.4406093389060096 0.17200257615047435 0.09896038627835509
8 0.5733419205015813 0.6620915784847121 0.1863361241630139 0.24033236667600522
8 0.8815132027711812 0.5631317219173064 0.15050225413166501 0.12723478235788513
0 0.6647182890815208 0.2992373585083595 0.38342240933543237 0.22148276928965197
0 0.3260882172852743 0.28038776112200614 0.1863361241630139 0.10838518497153181
0 0.13975209312226042 0.7304218987211926 0.27950418624452084 0.26389436340894706
4 0.9549726363354462 0.8670814797722542 0.08958467507837213 0.22619516863624028
4 0.6647182890815208 0.9118492735648435 0.13975209312226042 0.12723478235788518
4 0.3726722483260278 0.7445590967609576 0.14333548012539535 0.21677036994306356
0 0.9067144248558091 0.31573075622141866 0.18657115028838164 0.4335407398861271
2 0.5016741804388836 0.5749127202837773 0.9961815868714975 0.8105326876131942
