0 0.4015945001157577 0.40977881257275905 0.09779961939540023 0.10710128055878926
0 0.28030757055059596 0.44935972060535506 0.09548939216558765 0.06752037252619324
0 0.6715060481321968 0.8917345750873108 0.14785454270800663 0.1583236321303842
0 0.5590749896146502 0.9423748544819557 0.17249696649267443 0.09196740395809072
0 0.5921882465752975 0.7968568102444703 0.13245302784258925 0.1711292200232829
0 0.6229912763061323 0.6816065192083818 0.1617159060868824 0.18975552968568102
0 0.5975787767781936 0.5890570430733411 0.09548939216558765 0.07683352735739234
0 0.4786020744428444 0.5797438882421421 0.13014280061277667 0.11641443538998843
0 0.47706192295630273 0.6839348079161816 0.15786552737052795 0.0919674039580908
8 0.7770064249603058 0.7625145518044237 0.13861363378875624 0.09313154831199057
0 0.3311325696064732 0.7048894062863795 0.3357530240660984 0.210710128055879
0 0.37733711420272525 0.5413271245634459 0.10935075554446322 0.09778812572759023
8 0.19983472286855683 0.919091967403958 0.1132011342608176 0.16181606519208386
2 0.4782237166868714 0.6623981373690339 0.7777898609349014 0.6752037252619324
