8 0.37921727395411603 0.7612974046040406 0.08906882591093122 0.14255608363159852
8 0.37584345479082315 0.6223351718202976 0.08906882591093108 0.10422167458780728
8 0.10155195681511468 0.6720501085489644 0.07354925775978406 0.11500322713137351
8 0.17982456140350872 0.6247310723855346 0.06005398110661268 0.1257847796749398
8 0.2587719298245613 0.6936132136360968 0.0681511470985155 0.11500322713137358
8 0.7746288798920377 0.9098432396487314 0.1443994601889338 0.13536838193588763
8 0.8721322537112011 0.7247599209841772 0.1126855600539811 0.08146061921805625
8 0.8782051282051281 0.625929022668153 0.11133603238866385 0.09942987345733342
8 0.5003373819163293 0.5276970994934382 0.07354925775978409 0.1138052768487551
8 0.175438596491228 0.9122391402139685 0.09851551956815112 0.10182577402257038
8 0.7189608636977056 0.5390776271783136 0.08029689608636986 0.10302372430518886
8 0.8441295546558704 0.4731903616342975 0.11336032388663966 0.11979502826184742
8 0.27429149797570845 0.5205093977977273 0.0964912280701754 0.10901347571828111
8 0.25607287449392707 0.4144907977859923 0.0856950067476383 0.09583602260947799
8 0.5418353576248313 0.7319476226798881 0.1565452091767881 0.18208844295800816
8 0.44534412955465585 0.3509994328072131 0.08906882591093115 0.062293414696160704
8 0.34210526315789475 0.40370924524242596 0.0661268556005398 0.10302372430518886
8 0.587719298245614 0.39172974241624126 0.09041835357624826 0.10302372430518886
8 0.5006747638326585 0.2545644350564259 0.06612685560053976 0.05630366328306831
8 0.39136302294197023 0.12039400340315672 0.04588394062078265 0.049115961587357475
8 0.4639001349527665 0.18148946781669892 0.03846153846153854 0.056303663283068295
8 0.6697031039136302 0.44264262942752636 0.05330634278002691 0.07547086780496393
8 0.42645074224021584 0.4354549277318156 0.05533063427800272 0.058699563848305304
8 0.39372469635627527 0.5223063232216549 0.0910931174089069 0.09104422147900408
8 0.69804318488529 0.23180337968667486 0.04385964912280684 0.08265856950067473
8 0.5769230769230769 0.1473478847620724 0.1889338731443995 0.11021142600089967
8 0.3923751686909581 0.22820952883881943 0.08704453441295541 0.11140937628351814
2 0.5431848572780794 0.50254014355845 0.7651821302106796 0.9355991707250285
