3 0.7836146682188592 0.5261932479627474 0.13242142025611173 0.07916181606519203
3 0.589348079161816 0.3725261932479627 0.1484284051222351 0.09313154831199072
3 0.5609720605355064 0.489522700814901 0.211001164144354 0.07566938300349242
3 0.3288707799767171 0.45459837019790456 0.20372526193247964 0.07566938300349242
8 0.22045983701979047 0.7270081490104772 0.12369033760186264 0.04772991850989527
8 0.12150756693830032 0.6746216530849826 0.11204889406286377 0.050058207217694814
8 0.05456926658905704 0.670547147846333 0.08294528521536669 0.09313154831199064
8 0.5886204889406287 0.5937136204889407 0.21391152502910366 0.10477299185098957
6 0.5900756693830034 0.6949941792782306 0.13824214202561108 0.1071012805587894
6 0.7967112922002328 0.6717112922002328 0.10622817229336434 0.06752037252619324
0 0.849825378346915 0.40570430733410945 0.13678696158323617 0.11059371362048892
0 0.7472351571594876 0.4214202561117578 0.13242142025611187 0.12572759022118746
0 0.16298020954598372 0.3934807916181607 0.14260768335273571 0.09545983701979054
0 0.16589057043073338 0.5075669383003492 0.14551804423748546 0.0861466821885913
3 0.37980209545983695 0.3731082654249127 0.06984866123399307 0.08498253783469152
3 0.49548894062863796 0.2369033760186263 0.09749708963911523 0.08731082654249125
4 0.3463329452852153 0.24738067520372525 0.20663562281722933 0.09662398137369031
8 0.43291618160651923 0.5523864959254948 0.14406286379511052 0.1012805587892899
3 0.40890570430733403 0.6193247962747381 0.110593713620489 0.1257275902211876
8 0.30995343422584404 0.5867287543655413 0.11350407450523868 0.12805587892898715
6 0.5893481597087432 0.42549476135040737 0.11059355252663494 0.05238649592549468
6 0.2859429569266589 0.35040745052386496 0.11204889406286381 0.12339930151338767
2 0.5275029103608847 0.5087310826542492 0.929860302677532 0.649592549476135
