6 0.06422225528897914 0.5960419091967404 0.10677917144432676 0.15832363213038433
6 0.21162393403976806 0.46682174570774904 0.13540836958519697 0.16298020954598363
6 0.6840057069332235 0.7415599534342259 0.28164940873720967 0.40977881257275905
6 0.9060754330529466 0.7345750873108265 0.1671326161737288 0.33294528521536676
6 0.7319789578719791 0.5110593713620488 0.24450882736527008 0.20954598370197908
6 0.5644594606422925 0.5820721769499418 0.11064798200390377 0.23050058207217694
6 0.688648279604716 0.25029103608847497 0.1532048981592515 0.21187427240977882
6 0.49520775162586317 0.09080325960419092 0.003095048447661597 0.0046565774155995325
6 0.5574956016350539 0.14318975552968566 0.12767074846604287 0.12339930151338764
6 0.3539961662013007 0.25261932479627475 0.1292182726898737 0.13969732246798602
0 0.394231796020902 0.4091967403958091 0.15243113604733602 0.13620488940628633
0 0.47779810410776646 0.6623981373690337 0.12302817579455037 0.18160651920838178
0 0.3942317960209021 0.8410942956926658 0.12767074846604287 0.12456344586728747
0 0.4507231440687907 0.9388822812141518 0.10292379577907132 0.09895236355222602
0 0.9138130541721009 0.9383003492433062 0.13308708324945073 0.10011641443539006
0 0.7915586404894657 0.9260768335273574 0.10677917144432669 0.12922002328288712
0 0.5718169127990044 0.9447031431897556 0.13000545898881988 0.11059371362048892
0 0.19769621959438757 0.750873108265425 0.15552618449499767 0.1257275902211876
0 0.3389078050189502 0.6623981373690337 0.17022766462139047 0.21885913853317818
0 0.5505317426278151 0.3928987194412107 0.09981531243708801 0.16647264260768335
0 0.873577442197984 0.48195577186162547 0.08975640498218766 0.08847497089639114
8 0.06655025371824073 0.8958090803259604 0.1269104105411582 0.20838183934807916
8 0.02901607919682792 0.3987194412107101 0.04719948882684008 0.05937136204889406
8 0.47741122305180883 0.3713620488940629 0.0711861142962178 0.1140861466821886
8 0.35206847301502747 0.9615832363213039 0.07893715960240268 0.07683352735739234
2 0.49985703639087115 0.5273573923166474 0.9919764516625881 0.9452852153667055
