8 0.5572370974000777 0.7037252619324796 0.07916181606519196 0.1152502910360883
8 0.3643771827706635 0.7881257275902211 0.16686069072565002 0.11175785797438892
8 0.7237096272420632 0.6391149137963856 0.12960807140085365 0.11641443538998836
8 0.9509119130772216 0.6856810244470314 0.0981761738455569 0.15832363213038406
8 0.850213462263516 0.7025611175785798 0.056655025223127625 0.0942956926658907
8 0.25572370974000774 0.5477299185098952 0.11253395421032206 0.0826542491268917
8 0.7757081878152892 0.5069848661233993 0.10632518432285593 0.09429569266589055
0 0.38518484650150453 0.6667682515301905 0.1363642904855901 0.15938683303510537
0 0.13547880807983956 0.543243455927984 0.11157078312457376 0.12485301921083256
2 0.5295184786388499 0.652157791835306 0.9279855612266132 0.5180072073640923
