8 0.05926553328314491 0.9242647413005014 0.1134871802554456 0.15147051739899753
8 0.6178746480574261 0.7640776026005781 0.15131624034059413 0.09773085614658555
0 0.7591031390419807 0.5219716180556275 0.07565812017029713 0.11105779107566548
0 0.8372831965512876 0.5286349592895165 0.07565812017029713 0.15103859586290505
0 0.852414820585347 0.6174813183806998 0.10087749356039609 0.1865770890071179
0 0.515736185827525 0.7018852395982056 0.11348718025544556 0.13326934929079848
0 0.20553789312930704 0.8862411727838102 0.10339943089940602 0.1821347773640913
0 0.04287293476316834 0.726317953634852 0.07061424549227727 0.15548090750593174
0 0.2168866111548516 0.7485295118499851 0.206798861798812 0.279865633510677
2 0.44512206247990427 0.8534037157801215 0.23454017252792098 0.2931925684397568
2 0.4980826244544557 0.686577089007118 0.9608581261627728 0.6268458219857641
