0 0.8839148550521752 0.8077069296028664 0.2184303595680828 0.24075879632393138
0 0.19658732361127457 0.8251813583683131 0.2126055499796006 0.2213427643623241
0 0.5708313396712564 0.7921741040335805 0.22134276436232397 0.27959086024714597
0 0.640729054733043 0.5281160693557203 0.21551795477384175 0.23299238353928842
0 0.7397509252085661 0.7514004992717915 0.15144504930053743 0.2912404794241105
8 0.3334703489406065 0.17862749404678774 0.2359047883335295 0.20969314518535953
8 0.08300353663587147 0.6717947058716147 0.1427078349178141 0.1941603196160736
8 0.3873498376340669 0.6873275314409006 0.18056909724294845 0.21745955797000258
8 0.1339706205350908 0.213576351577681 0.15726985888901962 0.20192673240071657
2 0.503846029403711 0.5184080533749166 0.9669183916880466 0.9047870894109031
