0 0.7246276636128968 0.7590221187427241 0.2792997418636433 0.20023282887077998
0 0.86738086500987 0.6239813736903376 0.13033987953636683 0.15599534342258436
0 0.7137660069848661 0.5931315483119907 0.17378650604848914 0.11990686845168802
0 0.6051494407045604 0.49476135040745056 0.22654312395606624 0.10710128055878926
0 0.34524551424811456 0.549476135040745 0.2187847977931872 0.14435389988358552
0 0.9341024700106292 0.36146682188591384 0.11171989674545742 0.12456344586728757
0 0.6749743761704713 0.3952270081490105 0.1830964974439439 0.11757857974388827
0 0.2443872741306879 0.3381839348079162 0.17533817128106496 0.0989522700814901
0 0.48489538517993624 0.34575087310826547 0.15051152755985214 0.11175785797438881
0 0.13111571215265475 0.5046565774155995 0.22188812825833878 0.16181606519208372
0 0.08378992255909297 0.7072176949941793 0.13033987953636686 0.0756693830034925
0 0.16990734296704965 0.640279394644936 0.21257813686288402 0.07916181606519217
0 0.7494543073341094 0.3084982537834691 0.24516310674697564 0.11408614668218857
0 0.46782713024793254 0.6938300349243307 0.2405082363019091 0.31431897555296856
0 0.5027395353545578 0.2887077997671711 0.3351596902363719 0.10942956926658905
2 0.5093099913954547 0.5622817229336438 0.9813800172090904 0.6984866123399303
