5 0.4911757857974389 0.8853317811408615 0.12108847497089634 0.10593713620488941
5 0.6749403376018626 0.580908032596042 0.16116705471478462 0.24679860302677534
5 0.5282697904540163 0.5873108265424912 0.15093422584400457 0.30384167636786963
5 0.3982275902211875 0.6693830034924331 0.12279394644935969 0.3376018626309662
5 0.30783760186263104 0.5157159487776485 0.08527357392316649 0.23282887077997672
5 0.2370605355064028 0.5232828870779976 0.08356810244470317 0.2013969732246798
5 0.09124272409778811 0.3265424912689173 0.08868451688009311 0.19441210710128062
5 0.2502779394644936 0.29976717112922 0.07077706635622817 0.22700814901047725
5 0.3568699068684517 0.2904540162980209 0.07930442374854482 0.27823050058207216
5 0.5274170547147845 0.3335273573923166 0.23450232828870773 0.29918509895227013
6 0.5841239813736903 0.1292200232828871 0.1313213038416764 0.13969732246798602
6 0.7913387660069848 0.20256111757857975 0.15519790454016288 0.32596041909196743
6 0.9209545983701979 0.15541327124563448 0.12620488940628632 0.30151338766006985
3 0.8911088474970896 0.7462165308498254 0.13302677532013973 0.31897555296856817
3 0.7563766006984867 0.8306169965075669 0.1364377182770663 0.2270081490104775
1 0.040078579743888246 0.6129220023282888 0.0750407450523865 0.47380675203725275
6 0.21488940628637948 0.8835855646100117 0.23194412107101278 0.1583236321303842
6 0.10147555296856811 0.119906868451688 0.20295110593713622 0.239813736903376
