6 0.5107444632034895 0.7980209545983702 0.19347957261883714 0.05238649592549478
3 0.08841808426129656 0.8358556461001163 0.17683616852259312 0.2351571594877764
5 0.3016616992444236 0.8166472642607684 0.09986042457746432 0.0826542491268917
3 0.26421404002787446 0.729918509895227 0.1622731899383796 0.13504074505238647
8 0.22156531703124904 0.6466821885913854 0.4389697830384371 0.22002328288707795
8 0.6137255260489997 0.570430733410943 0.3994416983098574 0.17694994179278226
8 0.09986042457746436 0.4551804423748545 0.19139914710680667 0.23282887077997672
8 0.282937869636149 0.4348079161816065 0.21636425325117273 0.10593713620488941
8 0.6345297811693048 0.43888242142025613 0.19972084915492871 0.14202561117578583
8 0.8072050986678369 0.3026775320139697 0.18723829608274584 0.07916181606519203
8 0.6730176531418691 0.35739231664726423 0.2059621256910202 0.12107101280558791
3 0.43584914477039133 0.36204889406286384 0.2309272318353863 0.10710128055878933
3 0.5097042504474744 0.3044237485448196 0.14979063686619654 0.0756693830034924
6 0.8342506351223749 0.36961588844565474 0.09569957355340336 0.04307334109429561
2 0.4635924695719894 0.6053520963320632 0.9271849391439788 0.700820126061885
