0 0.5361007291219901 0.5651920838183935 0.285582991238282 0.3550640279394645
0 0.32679370136633784 0.6111757857974389 0.16773482017033264 0.2654249126891736
0 0.3090803259604191 0.36146682188591384 0.253771214999081 0.2409778812572759
0 0.2696833748259707 0.8830034924330618 0.26607467196062345 0.23399301513387655
8 0.43849641566080505 0.7834691501746217 0.1192941608970039 0.15599534342258436
6 0.7902397132856239 0.9213636618137915 0.1084617805936729 0.15704629918055146
6 0.6481649408737209 0.8870779976717112 0.05856258807671104 0.09778812572759023
8 0.5830953968988015 0.8178111468966067 0.13953801850376812 0.15715948777648436
0 0.36402793946449363 0.05878928987194412 0.15978187611053246 0.10128055878928988
0 0.5107959071135347 0.07159487776484284 0.12652411004227687 0.10826542491268919
0 0.4471723546351326 0.1973224679860303 0.12507812021322218 0.09196740395809082
0 0.3553520004901661 0.16530849825378346 0.09760431346118502 0.09778812572759023
0 0.595747809570492 0.16763678696158324 0.10844923717909438 0.07916181606519207
0 0.5577905765578091 0.29627473806752036 0.1785797438882421 0.16181606519208383
2 0.4695851152798064 0.5046565774155995 0.632620550211384 0.9883585564610011
