3 0.5622651148959862 0.8632130384167636 0.2075387837222251 0.2502910360884749
6 0.16281808346408866 0.5762514551804422 0.12417592498861164 0.17229336437718268
3 0.2804812851141368 0.19091967403958088 0.14762172900744042 0.17462165308498254
8 0.47933643771827705 0.2502910360884749 0.1406748241129727 0.19790454016298015
6 0.5922236722943182 0.21711292200232812 0.13893815797123532 0.18742724097788113
6 0.4650084463734373 0.49941792782305 0.1328595561066964 0.18626309662398136
6 0.3638441438477502 0.37369033760186254 0.1163606569823354 0.16298020954598363
6 0.1632522650199929 0.2834691501746216 0.07467922761552867 0.10128055878928986
3 0.25182530242445716 0.4080325960419091 0.06078541782659311 0.11059371362048892
3 0.15022683636742956 0.3667054714784633 0.04689160803765755 0.09778812572759023
6 0.6417203396264616 0.5128055878928987 0.10941375208786759 0.14551804423748543
6 0.8449173077896444 0.4284051222351571 0.09030976362808119 0.15599534342258436
8 0.7745798957331579 0.4627473806752036 0.192776610821481 0.4272409778812572
4 0.3473452447233892 0.649010477299185 0.19451333704509793 0.1175785797438882
6 0.29784854735030625 0.5459837019790453 0.12157083565318622 0.11874272409778804
1 0.3859874031988662 0.519208381839348 0.09986175785797442 0.12107101280558787
2 0.48541497950093637 0.5366705471478462 0.9065710887280457 0.8894062863795108
