3 0.6883585564610012 0.9231664726426076 0.16414435389988363 0.12107101280558794
3 0.26577415599534343 0.9348079161816065 0.08172293364377183 0.12572759022118732
3 0.39919115805931227 0.9470314318975553 0.15437765954120886 0.10593713620488941
3 0.7864959254947612 0.7520372526193247 0.08800931315483113 0.0954598370197904
3 0.11071618716292109 0.9289871944121072 0.21165356175308314 0.14202561117578583
3 0.3852153667054715 0.7252619324796273 0.06216530849825375 0.13504074505238647
3 0.46344586728754367 0.8073341094295694 0.08311990686845164 0.11525029103608844
3 0.2804423748544819 0.47846332945285214 0.07054714784633294 0.09778812572759023
3 0.10756693830034925 0.7043073341094296 0.06565774155995344 0.04889406286379497
3 0.10128055878928986 0.6437718277066355 0.05448195576251455 0.08149010477299172
3 0.4079161816065192 0.5273573923166472 0.08102444703143191 0.07683352735739227
3 0.930384167636787 0.6274738067520373 0.07543655413271252 0.15366705471478476
3 0.7885913853317811 0.5145518044237485 0.06426076833527361 0.09080325960419089
3 0.828405122235157 0.6367869615832363 0.07124563445867281 0.08381839348079176
3 0.5521536670547147 0.7165308498253785 0.05797438882421417 0.07566938300349235
6 0.5175785797438882 0.6589057043073342 0.07683352735739234 0.04656577415599543
7 0.30663562281722934 0.8637951105937137 0.10337601862630966 0.06519208381839349
6 0.14563445867287542 0.6757857974388825 0.04260768335273573 0.0570430733410943
3 0.2339930151338766 0.6944121071012807 0.12572759022118746 0.16647264260768338
2 0.49104211455777225 0.6519208381839338 0.9750994950891057 0.6961583236321293
