8 0.8406347650266528 0.29918509895227013 0.30635377734207464 0.37951105937136204
8 0.11457631272593594 0.49010477299185096 0.15807854910851055 0.10244470314318982
6 0.23282887077997672 0.46041909196740394 0.1323448318117762 0.2107101280558789
6 0.06372158568715153 0.33178114086146676 0.11518902028062007 0.12107101280558787
6 0.18748851173334968 0.30151338766006985 0.14459898290545925 0.10477299185098957
1 0.4135775994118008 0.4819557625145518 0.16788186998345694 0.21187427240977882
8 0.5937136204889406 0.439464493597206 0.12376692604619804 0.12223515715948778
1 0.480362722872373 0.2351571594877765 0.12254151093682993 0.27008149010477306
6 0.5906500827155199 0.17753201396973226 0.10048403896820048 0.2060535506402794
3 0.33637644752159795 0.24563445867287545 0.1507260584523007 0.2630966239813737
