3 0.474105986325403 0.7118742724097789 0.12497171621111995 0.17578579743888248
3 0.30587482988735676 0.7310826542491269 0.15206348685828594 0.14435389988358566
5 0.024469986390988536 0.745577864374909 0.04893997278197707 0.07811086030722493
7 0.6349087540376135 0.8614668218859138 0.10399744216170127 0.0628637951105938
1 0.5807252127432817 0.8055878928987196 0.07603174342914293 0.07916181606519203
5 0.8481472068733705 0.7380675203725262 0.030587482988735672 0.05355064027939448
1 0.7515781534375051 0.7590221187427241 0.09787994556395418 0.039580908032596084
0 0.5811621767859778 0.6513387660069848 0.29363983669186255 0.30384167636786963
0 0.7629392185476069 0.5948777648428405 0.10137565790552401 0.24214202561117587
0 0.9202462739182476 0.5762514551804423 0.09787994556395403 0.12107101280558787
0 0.8608191641115613 0.5034924330616997 0.17478561707848952 0.14784633294528526
3 0.45487956844676913 0.3265424912689173 0.1669202643099576 0.0826542491268917
6 0.42909869395881983 0.43073354180198764 0.15031563068750095 0.13271245634458673
0 0.2822787715817607 0.5366705471478465 0.12060207578415777 0.1979045401629802
0 0.17828132942005936 0.5413271245634459 0.11011493875944842 0.1490104772991851
0 0.0782165636426241 0.47147846332945287 0.12497171621112006 0.1839348079161816
5 0.13764367344931056 0.6542493044861334 0.1459459902605388 0.07450523864959259
0 0.407687451835577 0.5826542491268917 0.12497171621112009 0.17112922002328296
3 0.18265096984702162 0.7741559953434226 0.10487137024709377 0.06519208381839349
2 0.5038195412287463 0.5908032596041909 0.9796733837249342 0.580908032596042
