8 0.786917119389471 0.49650756693830034 0.04496669253654119 0.06402793946449357
8 0.5047123593325572 0.8597206053550641 0.08062993144483244 0.04540162980209558
6 0.4612962424007243 0.4976717112922002 0.046517268141249485 0.07334109429569267
3 0.4923077544948907 0.6251455180442375 0.07907935584012421 0.0512223515715948
0 0.3822168865606001 0.8131548311990687 0.10854029232958219 0.09196740395809072
0 0.25119324796274733 0.7980209545983702 0.07597820463070754 0.09429569266589055
0 0.16707452140732115 0.7136204889406287 0.12016960936489457 0.10710128055878926
0 0.17366446772733152 0.6402793946449359 0.10388856551545723 0.10244470314318974
0 0.3170927111628508 0.5646100116414435 0.09613568749191564 0.07450523864959259
0 0.6217808174880353 0.4115250291036088 0.11474259474841553 0.14551804423748543
0 0.9240824278877247 0.4359720605355064 0.1518351442245506 0.13853317811408616
0 0.5729375527287162 0.6885913199022647 0.17521479479069904 0.14318962467065557
0 0.6795397587634199 0.6041909196740396 0.07675349243306172 0.10710128055878933
0 0.3775651543822736 0.7532012941554151 0.2124288578450394 0.15366731643284545
0 0.48843131548311985 0.4464493597206054 0.07907935584012421 0.12223515715948778
0 0.33376141679413707 0.6135038595225452 0.06589942743875937 0.11175828793977573
0 0.31166486151898815 0.9598379264565946 0.1488553510314928 0.07799826992400326
0 0.4264082912947872 0.6152502910360884 0.07442762902599924 0.09895227008149014
0 0.4043125889276936 0.5256111757857974 0.08450637045660322 0.08498253783469145
8 0.7497033048764712 0.3422584400465658 0.0558207217694995 0.05820721769499418
2 0.529460936489458 0.6606516731407325 0.941078127021084 0.6786966537185338
