0 0.702407063781801 0.8141098820404489 0.1696017056056285 0.32461343397815356
0 0.5680057121697935 0.6698372447168249 0.1312013194307692 0.28339268045711835
0 0.568805720215103 0.9031904953776274 0.18080181823996241 0.1936190092447454
0 0.3816038376126641 0.9006141982825626 0.21600217223358342 0.19877160343487474
0 0.4528045536452156 0.8166861791355134 0.12800128724953092 0.15973041989401224
0 0.2752027675864915 0.7445498604737015 0.19520196305553467 0.17518820246440042
0 0.21600217223358342 0.8901106463448576 0.13120131943076918 0.152001528608818
0 0.9240092923325514 0.9068565774627783 0.09760098152776735 0.1597304198940121
0 0.832008367121951 0.9070549410202244 0.08000080453095677 0.1858901179595513
0 0.14000140792917443 0.949563843088792 0.12320123897767349 0.10087231382241583
0 0.18240183433058157 0.619599451363063 0.10560106198086303 0.11593336927791213
0 0.1848018584665103 0.7393972662835722 0.08800088498405254 0.11335707218284724
0 0.8608086567530955 0.6466505708612424 0.08640086889343351 0.13912004313349427
0 0.9224092762419321 0.7149224438804574 0.06240062753414634 0.11078077508778264
0 0.726407305141088 0.5461749841537188 0.1568015768806754 0.1854933908446592
0 0.5808058408947465 0.46888607130177745 0.11200112634333947 0.133967448943365
0 0.4264042881499999 0.633769085385919 0.14560146424634135 0.2730874920768595
0 0.2672026871333958 0.5551920239864452 0.10240102979962472 0.2292904414607593
0 0.3976039985188555 0.41864827794801557 0.10400104589024395 0.16745931117920626
0 0.49600498809193233 0.441834951803598 0.05760057926228896 0.16745931117920626
0 0.47120473868733576 0.31044379995529775 0.152001528608818 0.17776449955946508
0 0.3600036203893058 0.29627416593244177 0.09920099761838647 0.14942523151375323
0 0.2880028963114446 0.3864445642597067 0.09920099761838647 0.08759410123220021
2 0.5616056478073169 0.6043400323501208 0.8416084636656658 0.7913199352997583
