0 0.7656580574721036 0.8453826088392773 0.21950606425821392 0.3092347823214453
0 0.5905758395518614 0.737862846156638 0.15679004589872433 0.23374378578011692
0 0.38936194731516527 0.7169305668330455 0.2090533945316324 0.2267663593389196
0 0.6428391881847695 0.48841985088382667 0.2979010872075761 0.3139841898538886
0 0.31358009179744856 0.34363825222897804 0.24041140371137718 0.24072121222131457
0 0.09015427639176647 0.5231373810341374 0.18030855278353294 0.20268457090608152
0 0.10583328098163887 0.3384051823980798 0.19076122251011451 0.16745823458874054
0 0.903734368189215 0.6366901627592739 0.19253126362157005 0.33142775595688234
0 0.3449380828967376 0.5372614718246105 0.2979010872075762 0.18839051391233305
2 0.5030347305917403 0.5477279756340055 0.9903904565936082 0.7744943349729251
