8 0.12204416472642608 0.8026775320139697 0.06431533760186263 0.0384167636786961
8 0.22045438009313156 0.90162980209546 0.13870416181606518 0.08963911525029104
8 0.6900338329452852 0.9249126891734575 0.053466967403957996 0.05471478463329447
8 0.748150101862631 0.9161816065192084 0.07671347497089627 0.10011641443539006
8 0.6582636059371362 0.710710128055879 0.05811626891734584 0.061699650756693813
8 0.08329998544819556 0.7543655413271246 0.061215803259604185 0.09778812572759023
8 0.3328125 0.6786961583236321 0.10150974970896393 0.15832363213038406
8 0.20534415017462165 0.7706635622817228 0.0759385913853318 0.14202561117578583
8 0.7001073195576251 0.7939464493597206 0.11700742142025604 0.06519208381839349
8 0.5521045547147846 0.870779976717113 0.12165672293364381 0.1327124563445868
8 0.6501273282887078 0.5058207217694993 0.08833672875436548 0.054714784633294544
8 0.4947631693830034 0.49417927823050056 0.05656650174621653 0.05937136204889398
8 0.3095659924330617 0.5733410942956927 0.07361394062863798 0.10128055878928982
8 0.797742651338766 0.6577415599534342 0.053466967403957996 0.15133876600698484
8 0.716379874854482 0.6542491268917345 0.1294055587892899 0.11175785797438884
8 0.5803878055878928 0.670547147846333 0.10383440046565788 0.081490104772992
0 0.14374090512223514 0.659487776484284 0.1247562572759022 0.11757857974388827
0 0.058503710710128054 0.749126891734575 0.09841021536670545 0.12456344586728761
0 0.3033669237485448 0.8410942956926658 0.11545765424912688 0.15715948777648422
0 0.7233538271245634 0.45925494761350405 0.1665999708963912 0.10593713620488948
0 0.4432334109429569 0.5605355064027939 0.13792927823050058 0.10826542491268924
6 0.38627946740395813 0.38998835855646097 0.06741487194412109 0.0884749708963912
6 0.15303950814901046 0.5646100116414435 0.09531068102444705 0.05122235157159487
6 0.8302877619324796 0.7025611175785798 0.06276557043073339 0.05937136204889398
0 0.42889806461001156 0.6379511059371361 0.07051440628637956 0.09778812572759023
6 0.5617905995343422 0.44062863795110596 0.08988649592549472 0.0826542491268917
2 0.502899447031432 0.659487776484284 0.9872016880093132 0.6251455180442375
