0 0.9114655662038322 0.2607306558123293 0.17706886759233556 0.3259133197654117
0 0.13953164002456686 0.6681223055190939 0.26276761406086313 0.4432421148809599
0 0.13240228615469848 0.31613592017244935 0.13036532790616465 0.23465759023109645
0 0.6416418482881542 0.5996805083683574 0.22813932383578817 0.26724892220763763
8 0.44609401145933775 0.8636707422347569 0.11406966191789408 0.18251145906863045
8 0.8646888281794196 0.8001188355256156 0.1283284824070351 0.11406822267654794
8 0.5459048106070645 0.0668122305519094 0.10184791242669107 0.12710619470851056
8 0.4165579618251668 0.35850465174195284 0.14869795214296913 0.19554799185924698
8 0.7322864903479094 0.39924381671262926 0.13647620265176613 0.11406966191789408
2 0.5040739164970676 0.5361274110141022 0.9918521670058646 0.8115241662158751
