8 0.5715948777648429 0.8760186263096624 0.1792782305005821 0.16880093131548307
1 0.859720605355064 0.6169965075669382 0.2153667054714785 0.29569266589057036
1 0.640279394644936 0.629802095459837 0.16530849825378346 0.33061699650756693
1 0.4272409778812573 0.5564610011641443 0.2444703143189756 0.5122235157159488
1 0.15192083818393481 0.28230500582072177 0.1711292200232829 0.4342258440046566
1 0.5 0.16414435389988358 0.4249126891734576 0.24214202561117582
1 0.820139697322468 0.3172293364377183 0.16647264260768324 0.2968568102444703
6 0.3754365541327125 0.8742724097788127 0.19441210710128062 0.1210710128055878
6 0.8381839348079163 0.8672875436554134 0.3236321303841676 0.12805587892898715
6 0.17345750873108265 0.5832363213038417 0.24679860302677534 0.1792782305005821
6 0.14435389988358557 0.8224679860302677 0.2724097788125728 0.30151338766006985
6 0.6274738067520372 0.40104772991850995 0.14901047729918518 0.14784633294528526
