1 0.08789289871944121 0.4336437718277067 0.08963911525029104 0.22933643771827708
1 0.29976721677247875 0.3864959348418349 0.09662398137369035 0.23748544819557627
1 0.3864959254947614 0.39639115250291035 0.058207217694994214 0.19441210710128057
1 0.46973224679860304 0.3853317811408615 0.11059371362048892 0.22118742724097784
1 0.771245634458673 0.37252619324796277 0.06868451688009315 0.16298020954598372
5 0.6885913853317811 0.3818393480791618 0.09895227008149014 0.13736903376018628
4 0.11466821885913853 0.6600698486612339 0.12922002328288706 0.14435389988358552
8 0.1589057043073341 0.5750873108265425 0.12689173457508732 0.07916181606519217
8 0.8015133876600699 0.6327124563445866 0.27124563445867295 0.30384167636786963
5 0.4441211730389133 0.5506402279857404 0.41792797340432236 0.09546008939077832
5 0.20547147846332947 0.43597206053550636 0.089639115250291 0.1362048894062864
6 0.5797438882421421 0.38766006984866125 0.07916181606519203 0.13969732246798608
6 0.6204889567380232 0.4738068081196943 0.08381839348079154 0.0605355064027939
