8 0.0959349593495935 0.6518292682926828 0.1121951219512195 0.11341463414634141
8 0.08902439024390246 0.9146341463414634 0.12276422764227644 0.10487804878048777
8 0.06707317073170732 0.7890243902439025 0.13089430894308943 0.11951219512195124
8 0.31382113821138213 0.6548780487804877 0.18211382113821142 0.1121951219512195
8 0.828048780487805 0.6158536585365854 0.19593495934959348 0.16829268292682925
8 0.8548780487804878 0.797560975609756 0.22357723577235789 0.1634146341463415
6 0.5434959349593496 0.6926829268292682 0.12601626016260156 0.10243902439024395
8 0.17601626016260163 0.5426829268292682 0.21056910569105697 0.10731707317073173
8 0.18008130081300813 0.4213414634146342 0.1308943089430894 0.0768292682926829
8 0.6341463414634145 0.4597560975609756 0.14146341463414636 0.09268292682926833
8 0.509349593495935 0.5682926829268292 0.0886178861788619 0.09268292682926826
8 0.4040650406504065 0.4884146341463415 0.09756097560975605 0.059756097560975545
8 0.8004065040650407 0.44146341463414634 0.14065040650406502 0.14390243902439026
8 0.939430894308943 0.4865853658536585 0.09512195121951209 0.0853658536585366
8 0.5890243902439025 0.36524390243902444 0.1113821138211383 0.0768292682926829
8 0.9463414634146341 0.2530487804878049 0.10081300813008127 0.05487804878048781
8 0.8313008130081301 0.3378048780487805 0.08048780487804891 0.051219512195121976
1 0.2032520325203252 0.749390243902439 0.06341463414634148 0.16219512195121952
1 0.3540650406504065 0.8439024390243902 0.19105691056910568 0.13658536585365852
1 0.6146341463414634 0.7579268292682926 0.1788617886178862 0.1158536585365853
1 0.6886249387167334 0.9414634146341464 0.12196532458793825 0.11707317073170728
1 0.8829268292682926 0.398780487804878 0.0617886178861788 0.07560975609756099
1 0.37357723577235774 0.41524390243902437 0.06910569105691053 0.05731707317073173
1 0.2878048780487805 0.474390243902439 0.08130081300813007 0.06341463414634148
1 0.5117886178861789 0.4609756097560975 0.07886178861788622 0.07804878048780488
1 0.753658536585366 0.33170731707317075 0.07154471544715435 0.05365853658536583
2 0.5040650406504065 0.6164634146341463 0.9853658536585366 0.7621951219512195
