8 0.30823170731707317 0.7920731707317072 0.19756097560975608 0.20609756097560988
8 0.3635670731707316 0.6402439024390244 0.1271341463414634 0.1463414634146342
8 0.3 0.950609756097561 0.1646341463414634 0.07195121951219505
8 0.32423780487804876 0.30121951219512194 0.1765243902439024 0.07804878048780488
8 0.3059451219512195 0.398780487804878 0.17835365853658536 0.09756097560975611
3 0.19618902439024388 0.3634146341463415 0.030182926829268306 0.07073170731707322
0 0.7532012195121951 0.650609756097561 0.138109756097561 0.21829268292682918
0 0.9605182926829268 0.6164634146341463 0.07896341463414643 0.1914634146341463
0 0.7623475609756096 0.3975609756097561 0.11798780487804862 0.12926829268292678
0 0.9466463414634145 0.23475609756097562 0.09512195121951222 0.08658536585365856
0 0.7467987804878048 0.18597560975609756 0.11432926829268297 0.1353658536585366
0 0.6292682926829266 0.25 0.1262195121951219 0.16097560975609754
0 0.5734756097560976 0.34756097560975613 0.13170731707317074 0.20731707317073172
0 0.44222560975609754 0.3018292682926829 0.11798780487804869 0.20365853658536587
0 0.5199695121951219 0.1890243902439024 0.10518292682926834 0.19024390243902434
8 0.06402439024390244 0.1975609756097561 0.12073170731707317 0.12439024390243902
8 0.09786585365853659 0.32987804878048776 0.18109756097560975 0.20609756097560972
2 0.5021341864209267 0.5323170732161179 0.9951220313784387 0.881707317163943
