8 0.11938971030422635 0.849825359652768 0.226376224100875 0.29569266589057047
8 0.46512858503545346 0.6385327014133315 0.1627950047624088 0.30384072296636006
8 0.759710022224574 0.8678696158323632 0.17984971954704207 0.2619324796274738
8 0.290705194902928 0.6455177638252769 0.1410890130669092 0.26426170304263563
8 0.3922583908793789 0.8311990126020752 0.1503917099204574 0.1094300553144175
8 0.582185963481686 0.7770663562281723 0.11783257487564823 0.22933643771827705
8 0.3732656894909514 0.4324796274738067 0.13411207535188907 0.16880093131548307
8 0.09496375277807174 0.4173457508731083 0.1728727907715102 0.13853317811408622
8 0.24264207852682823 0.2863795110593714 0.09457614562387551 0.06984866123399304
8 0.2317890782093343 0.3952270081490104 0.15504286167848444 0.1990686845168801
8 0.3860567255794264 0.3253783469150175 0.13023600380992698 0.1478463329452852
8 0.526758122552651 0.28230500582072177 0.12946078950153456 0.1315483119906868
8 0.5252076939358662 0.4330616996507567 0.14031378981902853 0.16763678696158316
8 0.7011813419409461 0.3853317811408615 0.12791036088474975 0.17927823050058211
8 0.655056090591597 0.570430733410943 0.1922531484813208 0.2654249126891734
8 0.9100883691395915 0.3061699650756694 0.17982326172081714 0.14668218859138535
8 0.7256005926553074 0.2630966239813737 0.11318128902529366 0.10011641443539002
2 0.5000132289131125 0.6018626309662398 0.9969256005926553 0.7753201396973225
