7 0.6177268085906518 0.3894555419383604 0.11093292061201483 0.18300880348485418
7 0.39370075322042736 0.5645969122154494 0.14132847551502514 0.17585805462448434
7 0.4658071182791137 0.3655996398772172 0.1124859294915506 0.17585805462448423
7 0.24083525929601232 0.312379439135597 0.1470969847197201 0.19899727233823217
7 0.40523777162981717 0.7659081063250565 0.21631909517605893 0.23602002068022884
7 0.9215193454500112 0.4581565107322089 0.15286549392441487 0.24064786422297835
7 0.4759020093873298 0.17354413285310943 0.14998123932206753 0.15271883691073632
7 0.2379510046936649 0.15503275868211108 0.1990135675619743 0.20825295942373132
7 0.17593953074319466 0.4697261195890829 0.29996247864413517 0.3841110140482156
7 0.7268321597915581 0.7844194804960547 0.3403420430769994 0.26378708193672623
7 0.7023159956716049 0.22676433359472967 0.22208760438075395 0.379483170505466
