0 0.3798910142132017 0.7351568136460526 0.22328288707799757 0.12922002328288712
0 0.5601454372008796 0.6850989522700814 0.1852937847626439 0.16181606519208386
0 0.6857420611822532 0.6088474970896391 0.08140521924718655 0.11175785797438892
0 0.6244943247962746 0.4062863795110594 0.1139673069460612 0.139697322467986
0 0.4919201105937136 0.439464493597206 0.0627983119906868 0.08963911525029104
0 0.3159297794593196 0.5419091967403958 0.07985464364247825 0.08032596041909201
0 0.3934585596947355 0.5372526193247963 0.048843131548312047 0.08731082654249128
0 0.3391884135299444 0.6268917345750873 0.08295579485189496 0.0663562281722934
0 0.14071473612727978 0.6315483119906868 0.06589946320010348 0.0640279394644935
0 0.15079347755788383 0.7188591385331782 0.10931558013193636 0.07566938300349235
0 0.254682043073341 0.7904540162980208 0.10776500452722804 0.13038416763678698
0 0.23762571142154962 0.6431897555296857 0.10776500452722804 0.150174621653085
0 0.6020109785280041 0.5395809080325961 0.11086615573664467 0.1315483119906869
0 0.6958208026128574 0.4930151338766008 0.07675349243306172 0.10360884749708965
8 0.7876924071918251 0.49883585564610017 0.07752878023541583 0.06402793946449357
8 0.7493156609752941 0.33003492433061693 0.05504543396714538 0.07566938300349242
0 0.9233071400853706 0.43830034924330613 0.15338571982925886 0.15948777648428403
0 0.3136106413805597 0.9516880093131548 0.10622787957912493 0.09662398137369038
2 0.5387643570384646 0.6548311990686845 0.9224712859230704 0.6903376018626309
