6 0.7900738285482284 0.3771235458464098 0.16970559563088444 0.11062290678161353
6 0.13387885877547545 0.6285392430773498 0.2677577175509509 0.2916422087878903
6 0.35094348326411323 0.4198675187159841 0.15555332771706643 0.12140747529136889
0 0.6886080239182328 0.5741561852320988 0.1783172293341981 0.10623154087994777
0 0.4723509585554821 0.7942072341977048 0.2238450325684614 0.24281495058273778
0 0.5159817699883178 0.6576238244949149 0.20487511455418492 0.24281495058273783
0 0.34335551605840264 0.624742633270169 0.11761349168851361 0.19728714734847436
8 0.13848039275405077 0.8945742540804008 0.26937283580272475 0.20073412099848822
8 0.9249261635197911 0.8793983602855278 0.1501476729604178 0.24120327942894448
2 0.5020448265031275 0.6693830034924331 0.9778964050435077 0.6612339930151339
