6 0.6145699827301522 0.585304745457288 0.21632863392101365 0.43312551163839297
6 0.22698118028833622 0.6906595996395997 0.18846812803724666 0.22241580327376936
6 0.3900470823727366 0.5911577929118608 0.1999401010482095 0.34532979981979983
6 0.4637954803003549 0.3233808718651515 0.16388532872804062 0.30728499136507614
8 0.8702310955458955 0.6540780530485193 0.22288404707013526 0.39508070318366934
8 0.7555113654362671 0.29557889645593044 0.38349166922361505 0.15803228127346775
6 0.8613671498453295 0.906786798092815 0.277265700309341 0.18642640381436976
8 0.5391827315152535 0.8969795224132937 0.27204964568854734 0.1902240422736186
0 0.22042576713921458 0.8219176100015083 0.42446300140562515 0.3561647799969833
2 0.5032777065745608 0.5702365694548746 0.9934445868508784 0.8595268610902509
