0 0.6752654037369017 0.6589053164037787 0.24039115250291015 0.1792776790232384
0 0.6306094295692666 0.7991850989522701 0.08764260768335269 0.09662398137369038
0 0.7253469150174621 0.930733410942957 0.08680791618160655 0.11525029103608844
0 0.8171629802095459 0.8084982537834692 0.11017927823050058 0.11757857974388827
0 0.9352718277066355 0.8050058207217694 0.10934458672875437 0.1455180442374855
3 0.9260902211874271 0.9033760186263098 0.07428754365541324 0.05355064027939463
8 0.8505506402793946 0.9121071012805588 0.13021187427240974 0.09429569266589055
8 0.8134068684516879 0.9551804423748546 0.08764260768335262 0.08032596041909187
0 0.4874598350947188 0.7142024162379375 0.12854249126891729 0.09895233551100556
0 0.4052427240977881 0.6024447031431898 0.08597322467986032 0.08963911525029111
0 0.47994761350407444 0.549476135040745 0.0701140861466822 0.07217694994179269
0 0.5083271245634458 0.6065192083818393 0.1252037252619325 0.11175785797438884
0 0.628105355064028 0.5483119906868451 0.12603841676367872 0.0861466821885913
8 0.8472118742724097 0.6920838183934808 0.06677532013969724 0.05471478463329447
0 0.7349458672875437 0.8306169965075669 0.059263096623981396 0.0640279394644935
0 0.6168370197904539 0.48544819557625146 0.05342025611175785 0.04190919674039577
8 0.47327008149010474 0.509313154831199 0.04841210710128053 0.03143189755529683
2 0.6748553197947313 0.7065790285192629 0.6385534801016864 0.5866155657696086
