3 0.5788707799767171 0.6885913853317811 0.15715948777648428 0.17811408614668223
3 0.7980209264069458 0.6816065005142345 0.047147846332945276 0.11292200232828882
3 0.5090221187427241 0.568684516880093 0.15541327124563445 0.10360884749708965
3 0.6910651920838184 0.6839348079161816 0.11437718277066353 0.13154831199068695
3 0.22264261473120883 0.5558790504991515 0.06635627045943004 0.09196746004053277
0 0.7862339638168728 0.4743888242142027 0.05849819538694751 0.07799767171129227
0 0.7089639115250292 0.4516880093131549 0.06461001164144349 0.1233993015133877
0 0.8739813736903376 0.3841676367869616 0.10826542491268924 0.11641443538998836
0 0.5282305005820721 0.26135040745052385 0.1047729918509895 0.0849825378346915
0 0.20037834691501746 0.3830034924330617 0.07421420256111759 0.09778812572759023
0 0.2964202561117579 0.4121071012805588 0.09691501746216531 0.069848661233993
0 0.2881257275902212 0.30791618160651923 0.13795110593713622 0.11525029103608847
6 0.4208381839348079 0.23748544819557624 0.09429569266589055 0.07683352735739231
6 0.4177823050058207 0.3940628637951106 0.1004074505238649 0.11990686845168802
3 0.37849243306169966 0.5232828870779977 0.13533178114086147 0.13154831199068673
0 0.3522991850989523 0.6129220023282886 0.12310826542491267 0.12223515715948778
8 0.6081199068684517 0.2409778812572759 0.08643771827706644 0.09545983701979044
3 0.6762223515715949 0.5518044237485448 0.15977881257275903 0.10011641443538999
0 0.33571012805587896 0.6949941792782306 0.07072176949941798 0.08381839348079169
0 0.23050058207217694 0.6909196740395808 0.08381839348079165 0.07101280558789298
0 0.15584982537834693 0.5686845168800931 0.06373690337601862 0.09895227008149007
0 0.20168800931315484 0.6175785797438883 0.07334109429569267 0.057043073341094444
0 0.11481373690337601 0.5378346915017462 0.15628637951105936 0.20023282887077998
6 0.7630966239813738 0.5424912689173458 0.10477299185098957 0.069848661233993
6 0.8198486612339931 0.4575087310826542 0.05937136204889427 0.039580908032596014
2 0.4950524579813233 0.4726425469273743 0.9464495026914009 0.7101279343669721
